90001,0,1
90017,4,1
90028,3,2
90032,4,0
90035,1,0
90051,4,3
90070,4,3
90078,3,1
90079,0,0
90083,0,0
90087,0,1
90089,0,0
90091,5,1
90092,0,1
90093,2,1
90113,3,0
90116,3,0
90132,3,1
90142,3,2
90144,3,1
90149,2,0
90154,3,0
90155,3,0
90162,0,0
90171,3,1
90174,2,2
90175,5,2
90192,4,3
90204,5,2
90206,0,0
90209,2,1
90212,5,2
90213,3,2
90219,3,0
90223,1,0
90224,3,1
90230,5,1
90236,5,2
90247,1,0
90252,1,1
90254,4,3
90256,1,0
90258,1,0
90260,4,3
90275,5,2
90279,3,2
90280,4,1
90290,4,3
90294,1,0
90299,2,1
90320,2,1
90322,3,1
90329,1,2
90335,2,1
90350,3,1
90352,2,2
90359,4,3
90368,4,3
90386,3,0
90388,1,1
90401,4,3
90403,0,0
90407,4,3
90410,4,2
90416,3,2
90417,4,0
90423,4,3
90432,0,0
90436,3,0
90444,2,0
90450,0,1
90468,0,0
90470,2,0
90472,4,1
90486,4,1
90487,1,2
90498,2,1
90503,5,2
90515,0,0
90516,4,3
90525,1,0
90538,0,2
90548,3,0
90549,1,0
90560,4,3
90561,3,0
90573,4,3
90576,3,0
90580,1,1
90581,2,1
90583,2,0
90587,3,1
90593,2,0
90595,4,1
90600,3,2
90605,0,1
90611,4,2
90613,4,2
90619,1,0
90622,5,2
90623,4,3
90626,4,3
90627,4,3
90646,0,1
90652,4,0
90657,0,0
90673,5,2
90681,4,1
90682,0,0
90686,1,1
90696,3,4
90697,2,0
90703,2,1
90707,0,0
90721,4,1
90723,2,1
90725,1,1
90729,3,3
90738,1,0
90739,4,3
90748,2,3
90756,2,0
90766,4,3
90767,4,2
90774,5,2
90785,4,3
90788,4,3
90789,2,1
90812,1,0
90816,5,3
90820,4,3
90826,1,0
90833,2,1
90845,3,0
90857,2,1
90861,1,0
90864,0,0
90873,1,0
90879,2,1
90882,0,0
90886,3,1
90897,1,1
90901,2,1
90902,3,1
90911,4,1
90914,2,0
90931,4,2
90934,1,0
90939,1,0
90946,2,1
90954,1,0
90958,0,0
90969,2,3
90977,2,1
90987,1,1
90995,4,1
90998,4,3
91003,0,0
91020,3,0
91043,4,1
91050,2,1
91060,1,1
91062,5,2
91071,4,0
91076,2,1
91079,4,3
91080,3,1
91050,2,1
91060,1,1
91062,5,2
91071,4,0
91076,2,1
91079,4,3
91080,3,1
91082,3,2
91083,1,0
91099,1,2
91114,1,0
91136,1,1
91138,2,0
91139,2,1
91143,2,1
91164,0,0
91170,5,2
91171,1,1
91172,3,1
91173,3,1
91185,2,1
91189,1,0
91192,4,3
91199,4,2
91204,3,0
91210,1,0
91217,0,0
91218,2,2
91222,4,3
91223,0,0
91226,2,1
91228,3,1
91236,4,2
91245,1,0
91261,1,1
91267,0,0
91270,0,1
91275,2,2
91276,4,1
91278,0,0
91288,4,1
91293,2,0
91294,1,1
91295,3,1
91297,2,0
91305,5,2
91314,2,1
91316,3,1
91317,2,2
91329,2,1
91338,1,1
91342,4,2
91345,0,0
91358,4,3
91361,3,1
91377,4,1
91380,3,0
91386,4,1
91387,3,1
91391,1,0
91399,4,2
91417,4,3
91418,3,0
91421,3,1
91432,2,0
91436,0,0
91438,3,1
91439,1,0
91450,4,3
91459,1,1
91461,4,3
91467,4,2
91473,5,2
91475,2,2
91478,3,1
91480,4,3
91487,2,1
91489,2,1
91501,2,1
91512,4,1
91513,0,0
91516,2,1
91519,4,3
91527,2,0
91533,1,1
91549,2,1
91559,0,0
91562,3,2
91565,1,0
91569,3,1
91577,4,3
91600,3,0
91607,0,0
91621,2,1
91630,2,0
91631,1,1
91632,4,3
91636,3,1
91640,2,1
91641,4,3
91647,3,1
91648,4,1
91653,4,2
91654,2,0
91673,3,1
91677,1,0
91680,0,0
91682,2,1
91688,3,1
91690,4,0
91705,3,1
91706,3,1
91710,4,3
91711,2,1
91717,2,1
91722,1,1
91740,2,3
91744,1,0
91745,3,3
91748,4,3
91749,2,1
91761,3,1
91762,2,1
91772,0,0
91774,3,1
91791,4,1
91793,1,0
91800,0,0
91803,0,0
91804,6,1
91806,4,3
91825,1,0
91830,4,1
91833,2,0
91835,0,0
91852,4,2
91854,4,2
91867,5,1
91872,4,3
91883,4,3
91884,2,2
91890,1,0
91897,2,0
91908,5,2
91909,2,1
91910,4,3
91913,3,1
91914,2,0
91921,3,0
91922,3,1
91925,0,0
91926,5,2
91927,1,0
91941,1,0
91945,5,2
91946,2,1
91947,4,3
91950,4,1
91957,4,2
91971,0,0
91972,0,2
91973,4,3
91974,4,1
91975,4,0
91984,4,2
91991,4,3
92001,4,1
92002,4,1
92024,1,0
92032,4,3
92039,0,1
92050,3,0
92053,2,1
92071,2,2
92095,2,1
92101,0,0
92102,2,0
92111,3,2
92122,4,3
92136,3,1
92138,3,1
92145,4,3
92147,3,0
92156,0,0
92160,2,0
92167,5,2
92168,2,3
92174,0,0
92176,4,3
92178,4,3
92183,3,1
92188,1,1
92196,4,2
92197,4,0
92207,0,0
92217,0,1
92225,2,1
92235,0,0
92237,3,0
92248,5,2
92259,2,1
92263,4,3
92265,3,1
92267,4,3
92272,2,2
92273,5,2
92284,4,3
92285,0,0
92291,4,3
92298,4,2
92303,3,2
92306,0,0
92309,0,0
92314,2,1
92317,4,3
92329,4,0
92330,0,0
92331,1,2
92332,0,0
92336,4,3
92347,0,0
92349,1,1
92351,4,1
92355,3,1
92356,0,0
92368,0,0
92370,0,0
92376,4,1
92379,2,1
92380,0,0
92388,3,2
92389,1,0
92400,3,1
92402,4,1
92403,4,3
92406,4,1
92409,3,2
92414,0,0
92420,4,1
92421,2,1
92433,3,2
92439,4,3
92441,4,3
92450,1,0
92452,0,1
92459,4,3
92460,3,4
92466,3,1
92470,4,0
92475,3,2
92476,2,0
92480,0,0
92491,4,3
92505,2,1
92506,2,1
92525,3,1
92531,4,1
92533,1,0
92549,2,0
92557,3,1
92558,3,0
92562,3,1
92569,5,2
92588,0,0
92592,1,0
92595,0,0
92598,3,2
92605,4,3
92611,0,0
92616,1,1
92625,3,1
92626,1,0
92641,1,3
92645,2,0
92654,1,0
92666,4,2
92668,4,3
92673,3,1
92693,4,1
92704,1,0
92709,4,3
92713,4,0
92733,4,3
92735,3,0
92745,3,0
92746,3,1
92749,1,0
92751,2,1
92765,2,1
92776,4,3
92797,3,2
92805,1,0
92811,0,0
92825,0,0
92829,4,0
92839,2,1
92845,1,0
92847,2,1
92851,1,1
92859,0,0
92860,1,0
92865,4,1
92884,3,1
92899,3,2
92901,4,2
92902,3,2
92906,4,3
92911,3,1
92916,3,1
92920,2,2
92926,1,0
92939,3,1
92940,4,0
92944,1,0
92952,4,3
92956,0,1
92958,0,1
92968,3,3
92974,4,3
93001,3,2
93002,1,0
93011,1,0
93013,4,2
93019,1,1
93021,2,0
93040,1,1
93055,3,0
93058,0,0
93059,1,1
93067,2,1
93077,3,1
93079,3,1
93082,4,3
93085,2,1
93094,3,0
93102,4,3
93103,2,1
93108,2,1
93120,0,1
93131,3,2
93137,4,3
93148,4,3
93159,2,0
93174,3,1
93177,4,3
93186,2,1
93203,2,1
93206,4,1
93213,2,2
93214,2,0
93219,4,3
93228,2,1
93231,0,0
93236,2,1
93243,4,3
93250,0,0
93251,4,1
93256,1,1
93269,2,1
93279,1,1
93282,3,1
93287,4,0
93297,1,1
93299,2,1
93305,1,0
93307,0,1
93314,0,1
93317,2,0
93318,4,3
93320,0,0
93323,2,0
93326,2,1
93341,1,0
93342,2,1
93355,3,1
93369,1,1
93384,0,0
93394,3,1
93396,2,1
93408,4,3
93420,4,3
93426,3,1
93443,2,1
93452,3,0
93456,4,3
93468,2,0
93470,0,1
93474,1,1
93476,4,2
93482,1,0
93484,3,1
93485,4,2
93495,4,3
93514,2,0
93531,0,0
93537,1,0
93538,4,3
93556,1,2
93557,1,1
93573,2,1
93579,2,1
93589,1,0
93593,3,1
93596,4,2
93600,3,1
93610,0,0
93616,5,2
93626,2,2
93631,3,0
93633,4,3
93637,4,1
93638,1,0
93641,4,3
93657,1,0
93661,4,1
93662,3,1
93667,3,2
93669,0,0
93671,0,0
93672,0,0
93678,3,1
93679,1,1
93682,1,0
93685,2,1
93686,4,3
93689,1,0
93690,2,1
93693,4,1
93698,2,1
93706,4,1
93707,3,1
93710,1,0
93715,4,1
93721,1,1
93722,3,0
93729,4,2
93739,3,1
93749,3,1
93758,1,0
93761,4,3
93764,4,3
93774,0,0
93784,1,1
93791,1,0
93794,2,0
93795,0,1
93802,4,1
93813,3,1
93817,3,0
93833,4,3
93834,4,2
93840,3,2
93851,4,2
93858,0,0
93868,2,0
93871,3,0
93877,0,0
93886,4,1
93895,1,0
93903,1,1
93908,4,3
93914,4,2
93920,3,1
93925,2,0
93926,4,1
93927,4,1
93942,1,0
93951,3,1
93953,3,1
93955,0,0
93960,1,1
93963,2,0
93968,4,3
93971,4,3
93978,4,3
93980,4,1
93987,3,1
93991,1,0
93999,4,1
94002,1,0
94009,0,1
94012,3,1
94024,0,0
94028,4,1
94042,1,0
94044,1,1
94048,1,1
94053,4,3
94060,1,0
94062,0,0
94088,2,1
94089,0,0
94091,3,0
94095,2,1
94099,2,1
94105,4,3
94118,1,0
94122,4,3
94130,4,1
94140,4,3
94148,5,2
94157,5,2
94158,4,3
94161,2,1
94163,4,3
94186,5,2
94201,2,1
94212,3,3
94218,1,0
94233,1,0
94238,3,1
94239,1,0
94250,4,3
94257,1,1
94261,1,0
94273,4,1
94293,1,0
94301,4,3
94324,4,2
94325,1,0
94332,2,1
94364,4,2
94368,4,3
94381,1,1
94394,2,1
94402,0,0
94413,0,0
94414,1,0
94428,1,1
94452,3,1
94457,4,2
94462,5,2
94464,1,0
94468,3,1
94477,4,2
94486,0,0
94490,2,1
94491,3,1
94498,3,1
94514,2,3
94522,4,3
94526,2,0
94540,1,0
94561,4,3
94585,1,0
94586,0,0
94587,5,2
94588,4,3
94604,3,1
94619,4,1
94622,1,1
94627,0,2
94641,2,1
94646,1,0
94647,4,3
94648,2,2
94652,4,1
94689,2,3
94695,4,0
94699,1,0
94702,3,1
94704,4,3
94708,5,2
94714,5,2
94721,2,3
94725,3,0
94735,4,1
94739,3,0
94741,1,1
94742,2,1
94755,5,2
94756,1,1
94761,0,1
94769,3,1
94770,4,0
94771,2,2
94773,0,0
94782,1,1
94786,2,1
94830,5,2
94831,0,0
94832,0,0
94833,4,3
94834,1,1
94836,2,2
94842,3,0
94843,1,0
94847,0,0
94849,4,1
94864,1,0
94875,1,0
94881,4,3
94883,3,1
94887,2,0
94893,3,2
94903,1,1
94912,0,0
94914,0,3
94936,1,1
94946,0,0
94952,4,2
94957,0,0
94960,1,0
94986,0,0
94988,3,1
94991,4,3
94997,4,1
95001,3,1
95008,4,3
95010,4,3
95011,3,2
95016,4,3
95026,2,0
95041,2,1
95061,1,0
95063,4,3
95080,1,0
95085,4,3
95094,3,0
95099,4,2
95104,2,0
95111,4,1
95112,5,2
95119,4,3
95121,3,2
95137,3,2
95142,4,3
95144,2,0
95161,4,2
95219,2,2
95224,2,0
95227,3,0
95233,4,3
95241,4,2
95244,3,1
95246,3,2
95252,3,0
95269,5,2
95271,2,2
95273,1,1
95277,2,0
95282,3,1
95284,2,1
95286,1,1
95288,3,1
95320,2,0
95335,4,3
95336,4,1
95349,4,1
95356,0,1
95358,2,0
95359,1,1
95389,0,0
95403,3,2
95410,5,2
95413,4,3
95431,3,4
95437,2,0
95443,4,3
95447,3,1
95451,4,3
95470,3,1
95484,1,0
95487,4,1
95504,4,3
95512,4,1
95519,2,0
95529,4,1
95536,0,0
95542,4,3
95552,3,0
95556,4,3
95563,4,1
95567,3,1
95576,2,2
95585,3,1
95611,4,3
95614,0,0
95615,1,0
95616,4,1
95628,4,0
95645,2,2
95648,1,2
95672,2,2
95674,2,2
95678,3,1
95681,2,0
95696,3,3
95697,0,0
95703,4,3
95717,2,2
95718,3,0
95735,4,1
95744,1,0
95756,5,2
95760,3,1
95766,0,0
95769,3,0
95777,0,0
95785,0,0
95793,2,0
95816,2,1
95820,1,1
95827,4,1
95828,3,1
95852,5,2
95859,4,3
95870,2,1
95872,4,3
95889,5,2
95891,4,2
95904,1,0
95918,1,0
95919,4,3
95921,0,0
95922,2,2
95945,3,0
95959,3,0
95963,2,1
95977,2,1
95987,4,3
95994,0,0
96001,3,1
96002,2,0
96006,0,0
96027,2,1
96035,2,1
96047,3,2
96053,3,0
96059,4,1
96062,0,0
96078,2,1
96088,4,3
96109,1,0
96112,4,2
96113,3,2
96120,4,2
96122,3,2
96125,1,0
96128,1,1
96156,4,3
96160,3,1
96167,2,0
96221,1,1
96243,0,1
96260,1,1
96264,0,0
96274,2,3
96275,2,1
96277,1,0
96278,0,0
96283,4,2
96285,1,1
96298,1,1
96304,0,0
96312,3,1
96314,3,0
96317,3,3
96332,4,1
96354,4,1
96367,3,2
96381,3,1
96383,2,2
96393,3,2
96394,1,1
96396,4,3
96400,3,1
96404,1,1
96411,3,1
96413,0,0
96422,2,1
96437,1,0
96438,2,1
96441,4,3
96447,2,1
96451,3,2
96455,3,2
96465,3,4
96467,3,1
96470,2,1
96479,4,3
96489,1,0
96491,2,2
96492,3,2
96493,4,1
96495,0,0
96496,1,0
96507,0,0
96515,3,0
96531,1,1
96553,2,0
96554,0,0
96566,1,2
96573,4,3
96584,1,2
96588,2,2
96596,3,2
96607,2,1
96611,2,0
96616,2,1
96624,4,3
96649,4,1
96651,5,2
96653,1,0
96661,2,1
96662,4,3
96670,1,1
96674,0,0
96675,0,0
96683,0,1
96698,4,3
96701,4,2
96716,2,0
96727,1,0
96735,4,3
96763,3,1
96766,1,1
96779,3,2
96783,4,1
96793,1,0
96794,2,1
96801,5,2
96806,4,2
96809,4,3
96816,4,2
96819,0,0
96821,4,2
96831,2,0
96834,2,1
96844,4,3
96866,4,2
96870,4,1
96877,4,3
96888,2,2
96890,2,0
96892,3,1
96898,1,0
96901,0,1
96904,3,1
96907,4,1
96912,2,0
96915,3,0
96927,4,1
96935,3,0
96939,0,0
96942,2,1
96951,3,1
96963,3,1
96969,0,1
96991,4,2
96997,5,2
97002,4,2
97004,3,1
97005,3,1
97006,2,1
97007,1,2
97022,1,0
97023,2,0
97033,3,2
97074,0,0
97076,1,1
97078,4,3
97082,3,1
97086,4,2
97091,2,0
97096,1,0
97098,5,2
97099,3,1
97102,1,1
97108,1,0
97112,3,2
97128,4,3
97136,1,1
97137,2,1
97141,4,3
97151,4,3
97160,5,2
97162,0,0
97168,4,1
97172,2,1
97176,4,1
97192,2,2
97201,3,3
97216,1,0
97227,3,2
97231,3,1
97234,0,0
97237,3,0
97243,2,1
97248,1,0
97255,3,1
97258,2,0
97260,2,1
97271,3,1
97276,3,1
97316,1,0
97322,4,1
97337,1,0
97343,6,1
97346,4,1
97357,0,0
97368,2,1
97371,4,3
97381,1,1
97394,3,2
97400,4,3
97403,2,1
97416,3,2
97420,2,1
97425,3,0
97427,1,0
97431,4,3
97434,4,0
97449,2,0
97452,2,1
97456,4,0
97470,2,0
97481,3,1
97485,2,2
97488,4,3
97494,4,3
97497,5,2
97499,0,0
97504,4,3
97518,5,2
97569,2,0
97571,3,1
97572,5,2
97583,2,0
97592,0,0
97596,4,3
97626,0,0
97629,0,0
97631,0,0
97645,5,2
97679,5,2
97681,4,0
97683,0,0
97715,3,1
97718,3,2
97719,3,0
97723,2,0
97724,0,0
97741,2,2
97749,4,3
97762,5,2
97764,4,3
97765,4,1
97769,1,0
97792,0,1
97804,4,1
97838,4,2
97858,1,1
97860,1,1
97880,4,3
97886,2,3
97895,4,0
97899,1,0
97917,3,0
97921,0,0
97925,2,0
97926,5,2
97931,4,1
97935,0,0
97938,4,3
97947,2,1
97952,3,0
97984,2,0
97988,2,0
98004,4,3
98021,4,3
98034,2,0
98036,4,3
98055,4,0
98075,1,1
98086,0,0
98087,4,0
98088,0,0
98109,5,2
98110,2,1
98125,3,0
98161,3,3
98166,0,2
98168,3,1
98170,3,4
98202,4,0
98204,4,3
98225,1,1
98235,1,0
98236,0,0
98237,3,1
98239,3,1
98242,2,0
98243,0,0
98257,1,1
98261,1,1
98277,5,2
98286,4,3
98288,4,3
98289,1,1
98303,4,1
98320,2,1
98331,3,1
98336,2,2
98362,1,0
98382,4,1
98386,1,0
98387,4,3
98391,0,0
98396,4,3
98398,3,2
98411,2,0
98416,2,2
98426,2,1
98427,2,0
98428,4,1
98431,4,3
98447,1,1
98449,4,3
98488,2,1
98489,4,3
98499,0,0
98505,1,1
98510,0,0
98514,3,0
98516,2,1
98518,5,2
98520,3,0
98524,1,1
98526,2,1
98527,0,0
98552,3,2
98554,0,0
98558,3,1
98591,1,0
98598,4,3
98600,3,1
98605,4,0
98606,3,1
98609,3,2
98611,4,3
98619,4,3
98623,4,2
98636,4,1
98637,4,2
98648,4,1
98652,3,3
98674,5,2
98694,3,1
98705,3,0
98707,1,0
98711,4,0
98717,1,2
98724,4,2
98725,4,2
98733,2,2
98755,2,1
98768,1,0
98780,0,0
98782,3,2
98785,4,0
98793,0,0
98814,0,0
98819,3,2
98828,1,0
98846,0,0
98854,3,4
98867,2,1
98881,5,2
98896,3,0
98911,5,3
98914,2,1
98932,4,0
98935,0,1
98942,3,1
98944,3,0
98945,2,0
98946,4,2
98947,2,1
98958,3,4
98961,3,1
98969,3,1
98970,4,3
98974,3,2
98987,0,0
98993,5,2
98994,4,2
98998,3,1
99001,2,1
99015,0,0
99030,2,1
99039,4,3
99053,3,1
99062,2,1
99072,3,2
99074,3,2
99083,0,0
99088,1,1
99090,2,1
99100,5,2
99103,4,1
99112,3,2
99117,2,1
99126,3,1
99135,4,3
99137,4,3
99143,4,3
99159,4,3
99169,0,0
99187,4,3
99192,3,1
99195,2,1
99198,4,0
99204,3,3
99205,4,3
99219,2,2
99230,4,3
99237,4,1
99249,4,2
99259,1,0
99265,3,2
99266,1,1
99277,4,3
99278,4,3
99285,3,1
99305,3,0
99307,1,0
99326,4,3
99332,1,1
99335,5,2
99349,2,1
99352,4,3
99354,2,0
99367,2,1
99369,4,3
99382,3,2
99401,4,1
99421,4,3
99422,4,3
99432,4,2
99437,1,1
99438,3,0
99446,5,2
99451,3,1
99459,4,3
99464,3,0
99465,4,3
99467,2,1
99473,2,1
99486,1,1
99501,0,0
99532,1,1
99536,3,3
99538,2,1
99542,4,1
99546,1,1
99549,4,2
99552,4,1
99556,1,0
99560,4,1
99572,4,2
99593,2,0
99594,3,0
99607,3,2
99609,0,0
99615,3,1
99620,3,3
99624,2,1
99633,1,1
99635,4,3
99647,2,0
99649,2,1
99652,4,3
99658,2,1
99663,2,0
99692,4,3
99696,1,0
99706,1,0
99707,2,1
99719,1,0
99723,2,2
99738,1,0
99740,5,2
99750,2,0
99755,1,0
99761,2,1
99764,0,0
99768,4,2
99790,4,3
99795,4,3
99796,2,1
99808,4,3
99815,4,3
99821,2,0
99832,0,0
99845,3,1
99851,3,1
99862,3,1
99865,4,3
99873,3,1
99877,3,0
99879,2,1
99884,1,0
99887,3,0
99891,2,1
99897,3,0
99905,2,2
99911,3,1
99915,1,0
99920,4,2
99923,4,3
99931,4,3
99934,2,2
99941,0,0
99943,3,0
99948,2,1
99950,4,1
99951,1,0
99957,2,0
99958,0,0
99965,2,0
99968,2,0
99980,3,1
99984,4,1
99987,3,1
100026,3,1
100033,3,2
100048,0,2
100052,2,2
100068,4,3
100070,1,1
100087,1,0
100088,0,0
100090,4,1
100094,3,4
100095,0,0
100109,2,2
100116,2,1
100120,1,1
100123,4,3
100137,4,2
100140,4,3
100158,4,1
100161,0,0
100175,1,0
100181,1,0
100182,1,2
100188,1,0
100196,0,1
100212,1,0
100213,4,3
100239,3,1
100257,4,3
100263,3,1
100274,2,0
100278,4,3
100281,4,3
100290,0,0
100295,3,3
100296,1,1
100297,1,1
100303,1,0
100305,4,3
100336,0,0
100342,1,0
100357,0,0
100369,4,3
100372,4,0
100373,1,0
100376,2,0
100384,4,0
100390,4,3
100399,2,1
100401,3,1
100406,4,3
100417,4,2
100423,2,0
100443,2,1
100458,0,0
100462,4,1
100480,2,2
100482,2,0
100484,0,0
100493,4,3
100495,4,3
100504,1,1
100507,4,3
100508,2,0
100519,4,3
100527,4,3
100528,4,3
100533,4,0
100541,2,1
100543,1,1
100545,4,3
100552,0,0
100568,1,2
100587,2,2
100595,2,0
100596,4,3
100599,2,1
100602,4,1
100603,0,0
100609,3,1
100612,2,1
100620,2,1
100624,0,0
100627,2,1
100635,2,1
100639,1,0
100642,1,1
100652,4,3
100655,1,0
100656,2,2
100662,4,3
100664,2,1
100669,0,0
100671,2,1
100672,2,1
100678,4,3
100680,2,1
100688,3,1
100690,2,3
100692,1,1
100701,4,3
100705,4,2
100709,0,0
100714,4,3
100721,4,2
100733,0,0
100738,0,0
100741,4,1
100742,1,0
100747,4,3
100765,3,0
100769,3,1
100772,0,0
100773,2,1
100776,3,0
100779,1,0
100786,4,3
100798,3,1
100803,0,0
100811,2,1
100814,3,1
100815,4,1
100820,3,3
100827,2,1
100829,2,0
100830,3,1
100840,1,0
100848,3,1
100857,2,0
100858,3,1
100867,4,3
100877,4,2
100884,3,3
100888,2,0
100889,2,2
100890,4,3
100891,0,0
100909,4,1
100919,3,1
100922,2,0
100925,1,0
100928,4,1
100934,4,0
100935,4,3
100943,3,1
100959,1,1
100961,1,0
100962,3,1
100966,2,1
100970,0,0
100975,4,1
100978,2,2
100998,1,0
100999,1,0
101002,0,0
101005,0,0
101015,2,1
101023,2,0
101026,2,0
101033,2,1
101034,3,0
101036,3,2
101043,0,1
101050,0,0
101055,0,0
101058,0,0
101077,2,0
101084,2,0
101088,3,0
101090,0,0
101111,2,2
101114,2,1
101120,3,0
101134,3,0
101137,4,1
101142,3,1
101149,0,0
101151,1,1
101156,4,1
101169,2,3
101176,0,1
101177,1,2
101192,3,1
101196,4,3
101209,3,1
101221,4,3
101224,3,0
101229,3,1
101231,2,1
101241,2,1
101250,1,1
101255,3,2
101256,1,2
101259,2,0
101263,2,0
101268,4,1
101269,4,3
101270,0,0
101271,1,0
101272,2,0
101273,0,1
101283,2,1
101287,3,1
101290,3,1
101309,4,0
101316,4,1
101318,2,0
101321,4,1
101323,4,2
101324,1,1
101325,1,1
101327,2,2
101328,0,0
101337,2,1
101351,1,1
101355,3,2
101356,5,2
101359,0,0
101371,5,2
101381,2,1
101382,4,3
101390,2,0
101402,1,1
101423,4,0
101425,4,0
101443,1,0
101447,3,1
101451,2,0
101463,0,0
101465,2,0
101470,3,2
101474,1,0
101477,4,2
101479,1,0
101481,1,1
101490,0,0
101510,2,1
101511,2,1
101513,3,1
101521,4,3
101534,2,1
101540,1,0
101542,1,2
101548,2,0
101549,3,3
101557,1,0
101558,1,0
101568,4,1
101573,3,0
101574,5,2
101585,1,1
101587,4,3
101588,4,3
101593,4,3
101595,1,1
101607,3,2
101618,0,0
101626,3,2
101627,2,1
101630,1,0
101637,4,1
101640,4,3
101649,1,1
101658,2,1
101659,4,3
101660,0,0
101667,0,0
101674,1,0
101675,4,3
101686,4,1
101687,4,1
101743,4,2
101763,1,0
101765,4,2
101766,2,2
101782,0,0
101783,3,2
101784,2,1
101787,5,2
101790,4,3
101792,2,1
101794,2,0
101798,3,2
101807,3,1
101819,1,0
101842,1,0
101846,3,1
101849,2,1
101854,4,1
101857,0,0
101865,2,1
101870,4,1
101874,1,1
101891,2,3
101902,4,1
101905,4,1
101913,5,2
101914,2,1
101919,4,0
101925,4,1
101926,2,1
101933,3,1
101937,4,2
101941,1,0
101957,1,1
101968,2,1
101970,2,2
101971,1,1
101991,2,0
101995,5,2
101997,0,0
101999,1,1
102001,1,0
102004,3,0
102007,1,0
102012,2,0
102013,3,2
102032,2,2
102034,0,0
102041,3,1
102047,4,3
102056,2,1
102058,2,0
102074,4,3
102078,3,0
102086,2,1
102111,5,2
102114,2,1
102117,3,3
102123,2,3
102137,1,1
102140,1,0
102143,2,1
102144,4,1
102145,2,1
102146,3,1
102153,1,1
102156,3,0
102181,5,2
102186,2,0
102192,3,0
102195,0,0
102196,4,3
102202,1,0
102204,4,3
102209,0,0
102214,3,2
102215,2,0
102216,5,2
102219,2,1
102233,3,2
102234,1,1
102249,4,1
102256,4,3
102259,3,1
102260,2,0
102264,4,2
102283,4,3
102285,1,0
102286,4,0
102288,2,1
102294,2,2
102295,3,0
102307,4,3
102321,0,0
102332,1,2
102334,1,1
102337,3,1
102346,0,1
102348,3,2
102369,2,2
102376,4,2
102379,2,0
102381,2,1
102394,0,0
102403,0,0
102409,4,3
102415,4,3
102424,3,2
102425,1,0
102430,3,1
102435,2,1
102436,1,0
102439,4,3
102442,3,0
102457,4,0
102477,4,1
102494,3,1
102495,5,2
102496,4,2
102509,0,1
102520,2,1
102533,3,1
102540,2,0
102545,2,1
102551,2,0
102559,4,1
102563,2,1
102580,2,1
102590,1,2
102601,2,2
102610,4,1
102623,4,1
102634,5,2
102638,4,2
102639,2,1
102641,1,1
102650,0,0
102654,4,3
102679,4,3
102689,4,1
102694,4,3
102696,4,3
102698,3,1
102704,3,0
102705,1,0
102709,0,0
102719,3,1
102722,2,0
102727,1,0
102742,5,2
102745,4,3
102748,1,1
102750,5,2
102753,2,1
102754,3,1
102755,3,1
102759,1,1
102760,4,3
102767,3,2
102771,2,2
102786,3,1
102797,3,0
102806,2,1
102807,2,0
102822,4,3
102826,3,3
102835,2,0
102839,0,0
102843,0,1
102844,4,0
102852,4,3
102853,4,3
102864,2,2
102881,4,3
102882,2,0
102884,0,0
102885,2,1
102895,1,1
102897,4,3
102900,1,3
102905,0,0
102914,4,3
102916,1,1
102930,4,1
102932,4,3
102940,2,1
102948,0,0
102950,0,0
102956,0,0
102974,2,0
102991,5,2
103003,3,0
103012,4,2
103018,4,2
103020,0,0
103021,4,1
103023,2,1
103032,1,0
103036,0,1
103038,0,0
103059,2,1
103069,4,1
103080,1,1
103096,2,1
103101,2,1
103106,2,1
103110,1,1
103111,4,3
103122,3,0
103127,4,1
103128,1,1
103131,4,3
103132,4,3
103133,4,3
103135,3,2
103141,1,1
103142,0,0
103148,2,0
103169,1,0
103173,2,1
103178,4,1
103184,3,2
103197,3,2
103201,1,1
103204,2,0
103207,0,0
103209,3,1
103210,4,2
103212,1,2
103215,1,0
103227,0,0
103231,2,1
103244,2,0
103246,1,1
103250,4,3
103255,2,1
103258,1,0
103261,3,1
103262,4,1
103269,1,3
103287,3,2
103305,4,1
103307,3,1
103319,4,3
103320,4,1
103327,4,3
103333,2,1
103345,2,1
103348,3,1
103349,1,1
103352,3,2
103361,1,0
103368,4,1
103375,2,1
103386,0,0
103392,1,0
103401,2,1
103404,1,1
103406,3,1
103412,4,3
103418,4,1
103421,2,0
103432,2,1
103438,4,3
103440,0,1
103441,5,2
103450,0,0
103461,1,1
103471,2,1
103472,2,1
103474,5,2
103481,2,1
103482,2,1
103495,1,0
103517,0,0
103522,2,1
103526,4,2
103538,4,3
103545,4,3
103546,4,0
103555,2,2
103556,1,0
103562,1,1
103580,4,0
103581,3,1
103588,1,1
103590,4,3
103591,0,1
103602,4,2
103604,3,3
103608,4,1
103620,3,0
103628,2,1
103634,4,3
103636,2,2
103661,3,1
103665,0,0
103669,4,1
103671,1,1
103672,4,3
103675,4,3
103679,2,1
103681,1,0
103683,3,1
103697,3,1
103706,0,0
103718,4,3
103727,3,1
103729,4,2
103733,1,0
103738,1,0
103745,2,2
103752,4,3
103753,2,0
103758,3,0
103761,4,3
103773,4,2
103774,2,1
103775,2,1
103776,4,3
103778,2,1
103780,4,3
103781,4,3
103788,1,1
103789,3,3
103790,2,1
103791,4,2
103792,1,1
103802,2,1
103807,2,1
103811,2,0
103824,1,0
103826,2,0
103834,3,0
103844,0,0
103848,2,1
103860,2,0
103876,2,3
103877,1,0
103878,4,3
103885,0,0
103893,3,1
103894,4,2
103905,4,2
103920,2,0
103928,3,1
103932,2,0
103941,4,3
103945,4,3
103946,4,3
103948,1,1
103953,1,0
103956,1,0
103964,4,3
103966,0,0
103969,3,2
103973,0,0
103976,4,3
103978,2,1
103982,2,1
103983,2,1
103988,4,1
103999,1,0
104002,3,1
104015,4,3
104017,1,0
104029,4,3
104042,3,2
104048,2,2
104050,3,2
104056,2,1
104081,4,0
104087,0,0
104095,0,0
104101,2,1
104102,2,2
104103,3,1
104130,1,1
104134,2,0
104144,2,1
104150,0,0
104157,2,1
104161,1,0
104165,3,0
104177,3,4
104182,0,0
104183,3,1
104188,3,2
104200,3,0
104203,2,1
104208,4,3
104214,4,3
104221,3,0
104226,1,2
104237,4,3
104239,2,0
104246,2,1
104254,3,1
104263,4,3
104264,2,1
104267,0,0
104273,4,1
104284,4,0
104294,1,1
104296,2,1
104301,4,3
104305,2,1
104313,4,3
104320,3,2
104326,2,0
104333,1,0
104343,2,1
104345,2,1
104346,3,1
104349,1,0
104351,4,1
104357,4,3
104362,4,1
104372,2,1
104383,2,1
104408,1,1
104415,2,2
104420,1,0
104422,4,2
104433,3,2
104434,1,0
104445,3,0
104447,2,2
104450,4,2
104460,1,1
104461,5,2
104488,2,0
104489,3,1
104491,1,0
104496,4,3
104529,2,0
104530,1,1
104532,1,0
104533,4,3
104549,2,2
104556,4,1
104562,4,2
104563,2,1
104565,1,1
104571,1,0
104573,4,3
104588,2,1
104606,1,0
104607,2,0
104608,2,1
104610,4,3
104611,3,0
104615,2,1
104624,4,3
104625,0,0
104639,1,0
104647,3,1
104650,3,3
104654,4,3
104655,0,0
104660,0,0
104661,1,2
104672,4,1
104683,2,1
104691,1,0
104693,4,0
104696,3,0
104704,3,0
104711,2,1
104722,0,0
104723,2,1
104726,3,1
104732,2,1
104739,1,0
104757,4,3
104758,1,0
104759,0,0
104777,1,2
104782,3,4
104796,2,1
104815,2,0
104820,2,1
104822,1,1
104827,1,0
104840,3,1
104842,3,2
104848,3,2
104852,2,0
104854,2,1
104859,4,3
104861,1,0
104864,4,1
104866,3,3
104873,0,0
104891,3,0
104895,3,1
104902,4,1
104914,2,2
104934,2,1
104945,0,0
104947,2,1
104949,4,0
104956,1,0
104964,4,3
104969,4,2
104973,4,3
104983,3,1
104986,4,3
104994,4,3
105003,3,2
105013,3,1
105017,5,2
105027,2,1
105033,4,2
105037,0,0
105043,1,0
105047,1,0
105062,3,0
105082,3,0
105091,5,2
105092,4,1
105095,0,0
105098,5,2
105099,3,1
105104,0,0
105111,2,0
105112,2,1
105114,0,0
105124,4,2
105128,2,2
105131,4,3
105137,1,0
105167,1,1
105175,4,0
105178,5,2
105180,2,0
105190,0,0
105191,2,3
105193,1,2
105195,3,1
105198,2,1
105210,5,2
105223,1,0
105228,1,0
105229,3,3
105248,4,3
105268,5,2
105272,4,3
105301,4,1
105305,1,1
105310,4,3
105311,1,2
105324,0,0
105331,0,0
105334,4,1
105336,2,0
105340,3,0
105342,1,1
105343,1,1
105347,1,0
105370,2,2
105372,2,0
105374,1,2
105378,2,2
105383,1,0
105392,2,1
105400,0,0
105409,3,0
105417,4,2
105426,2,0
105441,4,3
105442,2,0
105443,4,2
105444,0,0
105447,3,2
105449,5,2
105456,2,1
105464,2,0
105468,2,0
105472,0,0
105477,1,1
105480,4,3
105481,1,0
105486,4,3
105491,2,2
105493,3,1
105499,3,1
105512,4,3
105528,1,0
105530,3,1
105532,0,0
105541,4,1
105551,4,3
105556,4,1
105557,3,1
105563,5,2
105569,3,1
105572,3,2
105578,0,0
105588,4,2
105593,4,1
105599,3,2
105604,4,1
105609,2,1
105617,3,1
105618,3,1
105619,2,2
105625,0,1
105627,3,3
105631,4,0
105635,3,1
105636,0,0
105645,3,2
105646,4,3
105666,5,2
105667,2,0
105683,4,3
105684,0,0
105692,4,3
105703,5,2
105706,0,0
105716,2,1
105718,0,0
105724,3,1
105729,2,0
105730,0,0
105732,4,3
105737,4,3
105738,3,0
105739,2,0
105744,3,1
105745,4,3
105746,1,1
105781,2,0
105792,1,0
105809,4,1
105820,0,0
105828,4,2
105830,4,1
105838,2,0
105857,0,0
105865,4,3
105866,3,1
105874,0,0
105875,3,1
105878,4,1
105890,4,3
105893,2,0
105895,5,2
105900,0,0
105901,2,1
105902,2,0
105907,0,0
105940,4,1
105944,3,1
105949,0,0
105954,5,2
105965,4,0
105966,2,1
105970,2,2
105971,3,1
106025,4,1
106027,4,1
106037,4,3
106038,1,3
106046,3,1
106055,2,2
106062,3,0
106064,5,2
106067,3,2
106070,4,3
106072,3,1
106075,2,2
106086,4,1
106095,0,1
106098,5,2
106117,4,1
106119,3,2
106121,0,0
106129,4,1
106137,3,2
106139,0,0
106146,3,1
106160,2,0
106167,2,2
106170,4,3
106179,5,2
106187,1,1
106195,4,2
106215,3,0
106225,1,1
106232,4,3
106233,1,0
106247,2,1
106251,1,0
106255,2,0
106258,1,1
106293,2,0
106312,5,2
106323,2,0
106327,3,1
106334,0,0
106347,3,2
106359,1,1
106361,2,2
106370,3,1
106377,3,1
106388,2,0
106390,1,0
106401,4,3
106402,0,0
106414,1,1
106416,1,0
106418,2,0
106419,4,3
106423,5,2
106429,0,1
106445,2,1
106457,4,3
106459,0,0
106463,3,1
106468,2,1
106475,4,3
106481,2,1
106486,3,0
106489,4,3
106493,0,2
106507,3,2
106511,1,0
106530,4,2
106532,2,0
106538,4,1
106544,1,1
106550,4,1
106575,4,1
106580,2,1
106582,1,1
106587,2,0
106589,3,1
106601,4,3
106609,1,0
106613,1,1
106617,3,0
106627,3,0
106641,4,2
106655,0,0
106657,2,1
106661,4,3
106662,0,0
106674,1,2
106690,3,1
106703,0,0
106710,4,2
106713,2,2
106715,0,1
106718,4,3
106724,3,0
106728,2,0
106733,3,1
106736,2,0
106741,1,0
106751,2,2
106752,3,1
106765,0,0
106766,3,1
106770,2,1
106774,2,0
106782,3,0
106784,2,2
106798,4,1
106800,3,1
106803,3,2
106805,3,1
106809,3,1
106810,0,0
106811,0,0
106816,2,1
106827,4,2
106836,2,0
106838,3,1
106849,4,1
106850,2,1
106867,4,0
106871,2,1
106875,3,1
106877,3,1
106883,2,1
106889,1,0
106894,1,0
106902,2,1
106903,3,1
106904,5,2
106914,3,0
106918,4,3
106923,3,2
106926,2,0
106932,4,3
106945,1,0
106955,4,2
106960,4,3
106964,4,3
106993,0,0
106994,0,0
107005,0,0
107017,0,0
107025,3,0
107028,4,3
107037,1,1
107041,4,0
107043,3,2
107050,1,0
107061,4,1
107063,4,1
107066,3,2
107067,2,0
107069,2,1
107072,1,0
107075,1,1
107095,4,3
107112,4,3
107129,2,1
107146,4,3
107148,3,0
107153,5,2
107156,4,1
107157,2,0
107159,0,1
107160,1,0
107165,0,0
107170,0,0
107173,3,1
107186,0,0
107205,0,0
107208,3,0
107216,3,1
107217,4,3
107228,2,1
107233,4,3
107245,3,2
107258,1,0
107260,2,1
107268,2,0
107276,1,0
107277,2,0
107278,0,0
107281,0,0
107293,4,3
107296,4,3
107309,5,2
107316,4,1
107336,4,3
107341,4,3
107350,4,0
107351,2,1
107356,3,2
107358,4,3
107369,1,1
107374,0,0
107375,2,0
107383,0,1
107386,1,0
107396,3,1
107431,4,3
107432,2,1
107436,1,0
107437,2,1
107446,0,0
107447,2,0
107456,0,0
107458,2,1
107466,0,1
107474,4,1
107483,1,1
107496,4,1
107503,4,3
107515,5,2
107521,1,0
107526,1,0
107534,4,3
107536,2,2
107543,2,1
107550,4,2
107554,1,0
107567,0,1
107575,4,3
107576,3,1
107577,4,3
107581,3,1
107597,2,1
107618,4,3
107619,3,0
107623,3,1
107626,1,1
107628,4,3
107631,3,0
107633,2,0
107642,3,3
107653,0,0
107656,4,1
107657,4,3
107662,5,1
107689,0,0
107704,2,1
107743,1,0
107758,2,1
107776,4,3
107778,1,0
107782,4,3
107783,3,0
107785,2,1
107787,0,0
107789,1,2
107793,4,3
107798,2,1
107800,0,0
107801,3,4
107810,1,0
107818,4,3
107829,0,0
107856,3,1
107862,2,1
107863,5,2
107864,3,2
107865,3,1
107881,1,0
107883,4,3
107887,4,1
107912,2,1
107913,3,1
107920,3,2
107942,2,1
107951,4,3
107956,0,0
107962,2,0
107963,1,0
107966,4,3
107968,1,0
107973,3,2
107986,2,2
107991,4,3
107994,1,1
108007,2,1
108012,4,3
108013,0,0
108014,5,2
108030,4,3
108037,0,0
108043,4,1
108046,1,0
108059,3,1
108061,0,0
108062,0,0
108073,4,3
108080,0,0
108086,3,3
108094,1,0
108102,4,3
108116,2,1
108117,1,0
108120,2,2
108125,3,0
108127,2,1
108130,0,0
108133,3,1
108144,4,3
108145,4,1
108152,4,3
108156,4,2
108167,4,3
108171,5,2
108180,4,3
108186,0,0
108204,4,1
108210,2,0
108217,1,1
108229,4,3
108230,1,0
108235,2,0
108240,4,3
108246,2,1
108249,1,0
108253,0,0
108256,3,1
108257,1,0
108260,1,1
108265,3,1
108278,1,1
108295,1,0
108313,4,1
108315,0,0
108318,4,3
108319,4,2
108339,4,3
108342,3,0
108366,0,1
108369,4,3
108374,4,2
108378,1,0
108385,2,2
108389,3,1
108390,1,0
108393,0,0
108397,4,3
108403,1,1
108423,2,3
108433,2,1
108435,2,3
108437,5,1
108440,4,0
108442,4,3
108449,0,0
108459,3,2
108486,4,0
108499,0,0
108536,3,1
108547,0,0
108556,4,0
108557,3,0
108561,2,1
108573,2,2
108578,1,0
108579,4,2
108592,1,0
108594,4,3
108596,0,0
108606,2,1
108612,1,1
108613,4,0
108617,4,3
108625,1,1
108639,2,0
108644,3,2
108645,1,1
108646,0,0
108648,3,2
108650,2,0
108652,2,0
108656,2,0
108670,0,0
108671,2,2
108674,0,0
108675,4,1
108712,4,2
108719,0,0
108722,2,1
108729,1,0
108735,5,2
108737,0,0
108738,2,0
108740,4,1
108742,4,3
108745,4,3
108749,0,0
108752,2,1
108753,4,3
108773,1,0
108782,4,3
108784,3,2
108785,3,4
108791,4,0
108793,0,0
108795,0,1
108823,4,3
108833,1,0
108849,2,0
108850,4,1
108851,1,0
108853,4,1
108856,4,3
108857,1,0
108876,2,1
108897,4,3
108901,2,0
108908,3,0
108912,1,0
108918,1,0
108925,4,3
108952,2,1
108962,4,1
108966,2,1
108973,4,2
108974,4,3
108975,1,0
108981,4,2
108982,0,0
108984,1,1
108989,1,1
109012,1,1
109030,3,0
109037,3,1
109059,4,2
109073,2,2
109076,2,0
109087,3,1
109088,4,3
109091,1,0
109095,3,1
109100,3,1
109108,1,0
109118,3,1
109131,4,2
109139,3,1
109156,2,0
109166,2,1
109171,4,3
109175,4,3
109179,4,3
109188,1,0
109192,5,2
109197,4,0
109205,3,0
109211,5,2
109219,1,1
109226,3,0
109229,4,2
109244,2,0
109250,4,1
109264,3,1
109268,3,1
109269,1,0
109272,1,0
109277,1,0
109281,3,0
109284,2,2
109287,4,2
109298,4,3
109305,4,3
109306,3,1
109311,2,0
109314,3,0
109330,2,1
109339,4,1
109354,2,1
109359,0,0
109360,1,1
109374,0,0
109377,3,1
109380,4,3
109384,4,3
109390,4,1
109391,0,0
109393,3,3
109399,3,0
109411,0,0
109417,4,3
109421,1,0
109425,4,3
109426,0,0
109434,2,1
109439,3,0
109442,2,1
109451,3,1
109456,0,0
109461,3,0
109464,1,0
109466,2,1
109469,2,1
109470,2,1
109472,3,0
109473,3,2
109479,3,1
109483,3,1
109486,4,3
109489,4,1
109498,2,1
109508,2,1
109514,0,1
109516,1,0
109517,4,1
109524,1,3
109534,2,0
109538,4,3
109553,2,1
109559,4,3
109589,0,0
109593,2,0
109602,0,0
109619,3,1
109620,3,0
109638,2,1
109639,1,0
109642,4,0
109649,5,2
109663,1,0
109674,0,0
109679,4,3
109683,3,2
109690,1,1
109700,1,0
109702,4,3
109704,0,0
109707,4,3
109722,2,0
109738,4,1
109745,4,2
109751,3,0
109756,2,2
109760,5,2
109786,4,3
109791,4,3
109802,3,0
109806,2,1
109811,3,1
109813,4,2
109840,2,1
109842,5,0
109858,3,2
109863,3,1
109864,4,3
109874,4,2
109894,1,0
109896,2,0
109902,1,0
109903,4,3
109924,1,1
109931,1,1
109932,3,2
109933,3,2
109934,1,0
109935,4,3
109937,3,1
109939,4,3
109940,0,0
109941,4,3
109946,3,1
109947,2,3
109949,1,0
109950,2,1
109961,1,1
109971,1,0
109974,4,3
109986,2,1
109988,3,1
109989,1,1
109997,0,0
110011,2,0
110013,0,0
110032,4,3
110038,2,2
110049,2,0
110053,4,1
110060,1,1
110070,4,3
110071,3,1
110074,1,1
110076,1,0
110077,4,2
110079,4,0
110118,3,0
110120,2,1
110130,1,2
110145,1,2
110146,5,2
110149,5,2
110160,4,3
110173,3,1
110178,3,0
110183,1,0
110184,4,2
110190,1,0
110191,2,1
110194,5,2
110205,1,0
110217,4,3
110243,4,2
110245,0,0
110251,1,1
110255,0,0
110257,4,1
110264,1,1
110276,0,2
110277,1,1
110281,2,0
110292,1,0
110295,1,0
110299,1,0
110311,2,2
110316,4,3
110322,3,1
110348,3,1
110361,0,0
110368,4,3
110374,4,3
110377,4,3
110379,1,1
110382,4,3
110404,4,3
110410,4,3
110418,5,2
110421,4,1
110426,2,1
110427,4,3
110435,0,0
110450,2,0
110454,1,1
110469,5,2
110472,4,3
110473,4,3
110489,3,0
110501,2,1
110510,0,0
110513,4,2
110514,3,1
110534,2,1
110535,3,2
110543,2,1
110567,4,1
110583,2,0
110591,1,0
110599,2,1
110603,1,1
110606,3,1
110612,2,1
110613,0,0
110616,2,0
110631,3,2
110642,4,2
110654,0,0
110666,2,1
110674,2,2
110679,2,2
110688,4,3
110691,4,3
110692,1,0
110693,4,3
110699,1,1
110709,2,1
110719,1,0
110724,3,1
110725,4,2
110726,1,0
110736,1,0
110739,4,1
110740,3,3
110753,1,0
110755,4,1
110757,2,1
110759,1,0
110763,4,3
110774,0,2
110777,2,0
110783,4,3
110794,4,3
110797,2,0
110799,4,3
110802,1,0
110802,1,0
110819,3,2
110820,4,1
110826,2,0
110834,3,0
110840,2,2
110843,0,0
110844,2,1
110846,4,3
110866,1,1
110871,2,1
110872,4,3
110873,1,0
110879,4,2
110881,2,1
110882,4,3
110894,0,0
110902,3,1
110903,2,0
110908,2,2
110922,2,0
110923,4,1
110930,0,0
110933,2,0
110934,0,0
110953,4,0
110971,3,4
110985,4,3
110993,3,1
111007,1,0
111011,2,3
111015,3,1
111023,2,2
111032,2,2
111034,0,0
111035,3,0
111036,1,1
111052,0,0
111057,3,1
111067,4,3
111088,2,2
111089,4,1
111103,3,2
111113,0,0
111122,4,3
111124,2,1
111131,3,1
111133,4,1
111137,2,2
111140,4,3
111142,2,0
111147,3,1
111149,2,1
111152,2,0
111156,2,0
111171,4,3
111172,3,0
111174,4,1
111177,4,3
111184,3,1
111187,1,1
111189,3,2
111193,0,0
111206,0,0
111209,2,0
111219,0,0
111237,2,1
111239,1,0
111245,1,0
111257,1,0
111264,3,1
111268,2,1
111273,1,0
111274,1,1
111282,3,0
111315,4,3
111323,3,0
111330,4,3
111332,2,0
111333,2,0
111336,3,1
111340,1,1
111343,4,2
111353,4,0
111358,0,1
111362,4,3
111365,4,1
111369,0,0
111371,4,3
111377,4,2
111382,0,1
111385,0,0
111398,3,3
111399,0,0
111401,1,1
111404,4,3
111406,3,1
111408,5,2
111409,4,3
111411,2,2
111414,4,0
111425,2,0
111431,3,0
111445,3,4
111446,3,2
111457,0,0
111459,4,1
111460,1,0
111466,4,3
111477,1,0
111481,2,1
111486,0,0
111498,4,3
111499,4,3
111503,1,1
111504,2,1
111507,0,0
111512,1,2
111514,2,1
111517,2,0
111518,4,3
111524,2,1
111526,2,1
111530,1,1
111535,4,1
111546,0,0
111547,3,0
111601,1,1
111605,1,0
111615,3,1
111617,2,0
111621,4,3
111622,2,3
111625,0,0
111648,1,0
111651,1,1
111658,3,2
111663,4,0
111668,4,3
111680,0,0
111695,2,1
111712,2,1
111721,0,0
111725,4,3
111731,3,1
111732,0,0
111747,4,3
111757,5,2
111772,4,1
111775,2,1
111780,3,0
111797,2,0
111801,2,0
111805,3,2
111808,3,2
111810,2,1
111814,3,2
111816,4,0
111822,5,2
111828,3,0
111833,0,2
111839,3,1
111845,5,2
111846,0,0
111850,3,3
111860,0,0
111863,2,1
111864,1,1
111867,3,0
111879,1,0
111886,4,1
111889,0,0
111903,4,1
111909,4,1
111912,4,1
111926,3,0
111930,2,1
111934,4,3
111939,4,3
111941,1,0
111956,4,1
111959,3,2
111979,3,3
111982,4,3
111988,2,0
111991,2,1
111998,2,2
112006,4,2
112007,3,0
112010,1,1
112011,2,1
112022,4,3
112028,2,1
112030,3,1
112037,1,0
112059,4,3
112071,4,3
112076,3,0
112092,3,2
112095,2,0
112096,1,0
112098,0,0
112105,4,0
112116,4,3
112121,4,3
112124,0,0
112133,3,1
112150,0,0
112151,4,3
112153,4,1
112163,3,2
112167,3,3
112174,3,3
112179,3,2
112197,4,3
112202,3,1
112203,4,3
112207,3,3
112217,3,1
112219,4,3
112230,5,2
112234,4,3
112237,0,0
112243,3,1
112248,5,2
112253,3,4
112274,4,3
112277,4,3
112281,2,2
112295,0,0
112300,2,0
112315,3,0
112317,1,0
112335,3,2
112339,2,0
112369,5,2
112370,1,0
112384,2,2
112393,1,1
112395,4,1
112418,4,3
112421,2,1
112428,3,1
112432,4,3
112446,0,0
112467,4,1
112475,5,2
112477,4,1
112483,2,0
112485,4,1
112491,2,1
112494,3,0
112495,2,1
112496,1,0
112498,0,0
112500,4,3
112506,2,1
112519,2,1
112521,4,3
112529,4,3
112531,3,1
112537,1,1
112541,1,0
112542,1,1
112548,1,0
112549,3,2
112570,4,3
112579,4,2
112586,4,3
112602,4,1
112621,0,0
112634,4,2
112635,2,1
112639,4,3
112651,3,2
112660,4,3
112662,4,1
112663,3,0
112677,3,3
112696,4,3
112701,0,0
112703,2,2
112707,1,0
112722,4,3
112726,0,0
112732,5,2
112735,4,2
112747,1,0
112753,3,1
112756,0,0
112762,2,1
112765,4,1
112782,2,1
112819,0,0
112820,3,1
112826,2,1
112830,4,1
112833,4,3
112836,0,1
112862,4,3
112864,1,1
112874,1,1
112877,4,1
112889,2,2
112907,4,2
112913,3,2
112914,2,0
112916,0,0
112945,2,1
112946,4,3
112947,1,0
112950,1,1
112954,0,0
112959,0,0
112961,4,1
112963,2,0
112965,0,0
112968,4,3
112969,2,1
112970,3,1
112971,2,0
112972,2,0
112976,2,1
112986,2,0
112988,4,0
112993,3,0
113000,3,2
113006,0,1
113011,5,2
113026,2,0
113030,4,3
113031,4,3
113033,2,1
113041,3,0
113045,3,1
113053,2,0
113059,4,2
113065,1,0
113081,2,0
113092,4,3
113094,3,1
113095,3,0
113097,0,1
113099,2,0
113101,0,1
113106,4,2
113108,3,2
113114,0,0
113118,3,1
113127,1,0
113144,0,0
113148,2,1
113150,2,0
113158,4,3
113170,1,0
113209,2,1
113211,3,0
113215,2,1
113243,3,1
113263,1,0
113265,4,1
113268,5,2
113274,4,3
113285,4,2
113294,4,1
113302,4,2
113309,2,1
113321,2,1
113326,0,0
113328,2,1
113346,4,2
113352,4,1
113355,1,1
113378,3,4
113383,1,0
113386,3,0
113396,4,3
113401,4,1
113408,2,0
113412,4,3
113416,1,0
113421,4,3
113432,4,3
113447,3,0
113455,4,3
113458,0,0
113481,3,1
113483,3,1
113491,3,1
113493,0,0
113503,2,1
113512,4,3
113514,1,1
113516,1,0
113519,4,3
113524,4,3
113527,2,1
113540,1,1
113545,1,1
113547,4,0
113556,4,3
113578,4,1
113591,4,1
113595,2,1
113596,1,1
113598,2,1
113600,2,0
113602,2,1
113603,5,1
113616,2,0
113632,2,1
113650,0,0
113654,4,1
113665,1,0
113670,0,0
113672,4,3
113683,3,0
113689,2,2
113690,4,1
113692,2,1
113709,2,1
113713,4,2
113726,4,2
113738,3,1
113746,5,2
113758,4,3
113759,3,1
113773,2,1
113781,2,1
113784,3,1
113785,2,0
113793,5,1
113814,5,2
113828,2,1
113833,4,1
113842,3,1
113859,2,0
113865,4,0
113871,2,1
113880,1,1
113883,2,1
113886,3,2
113907,0,0
113911,2,0
113915,1,0
113919,2,0
113926,3,2
113928,3,0
113929,4,3
113934,4,3
113940,3,0
113941,2,1
113946,4,3
113970,0,0
113976,0,0
113978,1,0
113981,2,1
113985,0,0
113986,4,3
113990,1,1
113996,3,2
114016,2,1
114018,4,1
114024,5,2
114035,3,2
114050,2,0
114052,3,0
114054,4,3
114056,3,2
114070,1,0
114075,3,1
114091,3,0
114097,4,1
114100,1,0
114113,1,0
114117,4,2
114124,4,1
114126,3,3
114129,0,1
114131,3,1
114139,1,0
114165,3,1
114170,3,1
114176,2,1
114178,3,4
114179,4,3
114183,0,0
114185,4,3
114188,3,1
114197,5,2
114200,2,1
114203,0,0
114208,2,0
114209,2,2
114222,3,2
114231,2,1
114246,2,1
114256,4,3
114258,3,1
114259,3,1
114266,3,0
114273,0,1
114286,1,0
114291,4,3
114292,0,1
114295,2,1
114300,1,0
114323,0,0
114336,4,2
114341,4,3
114342,5,2
114343,0,0
114344,2,0
114347,1,0
114369,4,1
114374,2,1
114395,3,2
114400,4,1
114409,2,2
114412,2,1
114432,3,2
114437,1,0
114439,1,0
114448,1,0
114460,3,2
114468,0,0
114487,4,2
114488,3,1
114514,2,0
114516,1,0
114519,1,0
114532,1,0
114535,5,2
114539,0,0
114549,4,3
114569,4,3
114579,2,1
114593,1,1
114602,1,0
114607,1,1
114610,4,2
114613,4,3
114629,4,3
114631,2,1
114639,4,1
114642,4,1
114654,2,1
114657,2,1
114668,2,2
114689,3,2
114692,4,3
114693,2,0
114713,1,0
114718,3,0
114728,1,0
114741,0,1
114748,0,1
114750,3,0
114761,1,1
114762,2,2
114766,3,1
114787,3,2
114789,1,0
114797,2,2
114807,4,1
114810,2,2
114817,3,1
114827,1,1
114829,3,4
114837,3,1
114850,4,3
114854,0,0
114855,2,1
114860,1,0
114869,3,2
114886,0,1
114896,4,1
114909,0,1
114910,2,1
114917,4,3
114918,2,0
114924,3,2
114945,4,3
114948,4,3
114950,0,0
114954,3,2
114955,1,0
114968,4,1
114971,4,1
114977,0,0
114990,3,2
115015,3,1
115021,3,2
115022,3,1
115024,4,2
115028,2,1
115031,3,1
115032,3,1
115042,2,1
115048,3,1
115049,2,3
115052,1,0
115074,3,0
115077,5,2
115086,3,1
115094,4,2
115101,1,0
115121,2,1
115131,0,0
115135,5,2
115136,1,1
115144,1,1
115153,3,2
115157,0,1
115159,0,0
115179,4,1
115191,1,0
115202,2,2
115208,4,1
115221,1,1
115222,1,1
115223,5,2
115224,3,1
115225,3,2
115233,4,2
115235,3,1
115238,4,3
115244,3,1
115247,1,1
115253,3,1
115261,4,3
115264,0,0
115270,4,3
115276,0,0
115288,4,2
115289,2,1
115307,4,3
115310,4,3
115327,5,1
115330,2,0
115338,2,1
115340,4,3
115350,4,1
115354,3,2
115372,1,0
115378,4,1
115379,3,1
115386,4,1
115389,3,1
115416,0,1
115422,2,0
115435,0,1
115446,1,2
115454,6,1
115464,3,2
115466,3,2
115468,4,0
115471,0,2
115476,2,2
115487,2,1
115494,5,2
115520,2,1
115521,1,0
115524,1,0
115530,4,3
115531,4,2
115546,1,0
115554,5,2
115558,2,2
115563,4,3
115570,2,1
115576,3,0
115582,4,3
115588,3,1
115593,2,0
115594,2,1
115596,2,1
115607,4,3
115617,3,1
115627,2,1
115628,4,3
115637,1,1
115646,1,0
115656,3,0
115658,2,0
115672,1,0
115673,1,1
115678,4,3
115681,4,1
115683,4,2
115685,4,0
115689,1,1
115692,0,1
115698,4,1
115699,3,2
115705,1,0
115708,1,1
115710,1,0
115715,0,0
115726,2,1
115734,0,0
115740,1,0
115742,3,4
115754,3,2
115758,4,1
115760,2,0
115761,2,0
115768,0,0
115777,0,0
115795,4,2
115808,2,1
115810,1,1
115814,0,0
115817,1,1
115822,4,3
115827,2,1
115829,1,0
115830,2,2
115834,4,3
115839,2,1
115841,4,3
115852,4,3
115889,1,0
115899,4,3
115911,2,0
115913,0,0
115942,2,0
115943,2,1
115945,3,1
115946,4,3
115955,4,3
115979,0,0
115982,2,0
116002,3,2
116004,2,0
116005,5,2
116013,4,3
116033,4,0
116041,0,0
116043,0,0
116076,0,0
116091,0,0
116094,1,0
116095,1,0
116097,3,1
116098,3,1
116099,1,0
116100,1,0
116106,3,1
116117,3,0
116124,3,1
116128,4,3
116130,0,1
116131,1,1
116137,3,2
116138,2,1
116144,3,4
116151,3,0
116152,4,3
116153,3,0
116154,4,3
116161,0,0
116177,3,0
116180,0,0
116197,4,1
116205,1,0
116211,4,1
116213,4,3
116222,3,1
116225,2,2
116232,0,0
116235,4,3
116245,5,2
116254,4,2
116256,1,0
116259,2,2
116260,4,3
116262,4,1
116263,0,0
116272,2,1
116284,1,0
116285,2,0
116286,4,3
116288,4,2
116290,3,0
116297,4,3
116298,0,0
116303,2,0
116311,4,3
116312,4,2
116313,0,0
116314,0,0
116325,4,3
116331,2,2
116340,2,0
116342,2,1
116344,2,2
116345,2,1
116358,1,0
116359,0,0
116373,2,1
116374,4,3
116391,2,1
116395,1,0
116409,5,1
116416,3,1
116418,3,1
116448,4,1
116449,4,1
116455,4,3
116460,4,3
116468,4,3
116476,0,1
116489,4,3
116492,0,0
116494,4,3
116521,4,3
116533,0,0
116534,3,2
116538,4,3
116544,0,0
116547,4,3
116549,2,1
116553,2,1
116554,2,2
116560,2,1
116564,3,1
116574,3,1
116575,4,2
116589,4,1
116603,3,0
116609,3,0
116617,0,0
116637,2,0
116640,4,3
116659,1,1
116668,3,0
116669,2,2
116684,2,1
116689,0,0
116694,4,3
116705,1,0
116713,4,3
116727,2,0
116728,3,2
116730,1,2
116742,1,0
116745,4,2
116747,3,1
116767,3,1
116778,4,1
116779,1,2
116781,4,2
116788,2,2
116789,1,0
116794,4,1
116802,4,3
116810,4,3
116817,1,1
116827,3,2
116832,5,2
116835,3,2
116836,0,0
116840,3,2
116841,0,0
116845,4,2
116848,2,1
116855,3,0
116865,0,0
116875,1,1
116877,0,1
116878,2,1
116879,0,0
116904,5,2
116911,1,1
116915,3,4
116930,2,1
116945,1,0
116952,2,0
116955,4,3
116957,2,1
116966,0,0
116972,2,2
116979,4,3
116980,4,1
116987,4,2
116988,3,4
117002,3,3
117007,4,1
117016,4,2
117031,1,1
117041,4,2
117058,1,0
117060,3,3
117063,2,1
117068,0,0
117069,2,0
117081,1,1
117086,0,0
117093,3,0
117096,1,0
117102,2,0
117103,3,2
117112,3,3
117113,1,0
117126,0,0
117136,2,2
117144,0,1
117150,5,2
117157,1,2
117169,1,3
117170,1,2
117174,4,1
117186,0,0
117192,0,0
117202,4,1
117212,1,1
117234,2,1
117236,2,5
117237,1,1
117242,4,2
117243,3,0
117245,2,0
117248,1,0
117261,2,2
117266,3,2
117268,1,2
117273,1,5
117276,4,3
117280,0,1
117285,3,4
117288,4,1
117292,4,3
117296,0,0
117298,2,0
117313,2,0
117317,4,3
117328,3,2
117338,3,2
117339,4,3
117340,2,1
117353,1,0
117354,3,1
117367,2,2
117379,4,3
117388,2,0
117395,2,3
117397,0,0
117399,3,1
117405,1,1
117412,4,3
117435,4,1
117480,4,3
117487,3,4
117490,0,0
117494,1,0
117511,2,1
117517,5,1
117526,1,2
117533,3,4
117539,4,1
117549,4,1
117582,0,0
117583,0,0
117594,4,3
117597,2,1
117604,5,2
117619,0,0
117622,1,1
117626,1,1
117629,1,0
117630,2,2
117632,3,1
117633,4,0
117644,0,0
117651,4,3
117655,3,1
117686,2,1
117697,3,0
117698,1,0
117699,2,2
117700,3,2
117708,4,3
117716,4,3
117718,1,1
117730,0,1
117749,4,1
117758,4,3
117760,3,1
117779,1,3
117787,2,0
117788,0,0
117797,3,2
117799,4,2
117824,3,1
117833,2,5
117840,4,1
117843,1,0
117854,2,1
117855,2,1
117856,1,0
117857,0,0
117859,0,0
117864,2,1
117876,1,1
117880,1,0
117882,4,0
117886,2,1
117889,0,0
117911,2,3
117919,4,3
117933,1,0
117943,1,2
117944,1,0
117970,2,0
117974,1,0
117978,2,2
117982,3,0
117983,4,3
117985,3,1
117995,3,3
117999,4,1
118003,0,0
118029,4,3
118048,3,4
118064,3,2
118070,1,3
118072,1,0
118084,1,0
118090,3,2
118094,1,3
118100,0,0
118101,0,1
118104,4,3
118125,3,0
118152,2,1
118155,1,0
118159,1,0
118162,0,0
118169,2,0
118175,1,0
118194,3,0
118199,2,0
118224,3,1
118234,3,1
118251,0,0
118257,2,0
118267,1,1
118273,2,3
118301,2,2
118313,1,0
118321,2,1
118324,1,0
118333,4,3
118342,4,2
118343,3,1
118344,4,2
118351,4,3
118354,1,3
118355,4,3
118357,0,0
118362,4,1
118384,4,1
118388,1,1
118400,5,2
118430,4,1
118437,1,2
118439,0,0
118452,1,1
118471,4,3
118513,2,0
118515,4,3
118525,1,1
118526,1,1
118527,4,1
118537,4,3
118548,2,1
118552,3,1
118570,1,0
118571,3,0
118575,4,2
118577,3,2
118581,1,0
118594,5,2
118598,5,2
118604,4,1
118609,4,3
118623,2,1
118630,4,3
118640,3,1
118644,2,2
118645,3,2
118646,3,1
118656,1,0
118658,3,1
118680,2,0
118685,1,0
118711,2,0
118713,2,1
118715,2,1
118717,2,1
118718,4,2
118833,2,1
118843,1,0
118844,0,0
118855,1,0
118858,2,0
118863,2,0
118865,5,2
118870,1,1
118874,4,3
118876,2,2
118928,3,2
118937,4,3
118939,2,1
118944,0,1
118946,0,0
118948,3,1
118952,1,0
118956,2,2
118962,2,0
118980,0,0
118984,0,0
118990,3,2
119006,0,0
119012,1,1
119018,0,2
119022,4,3
119024,0,1
119025,1,1
119026,4,1
119056,2,0
119059,1,1
119062,1,0
119067,2,0
119071,2,0
119075,2,2
119083,2,1
119088,3,1
119091,1,1
119103,1,1
119123,0,0
119129,4,2
119153,3,2
119182,3,1
119196,4,3
119202,3,1
119209,4,2
119218,4,3
119222,2,1
119225,3,1
119226,4,1
119227,3,2
119229,4,1
119235,1,0
119236,3,3
119239,0,0
119242,2,3
119292,0,0
119295,3,1
119307,4,3
119315,1,1
119318,2,1
119321,0,0
119325,0,0
119336,2,0
119343,4,3
119344,4,3
119345,4,3
119356,4,3
119362,3,1
119370,3,4
119375,2,1
119378,3,0
119401,3,1
119404,3,2
119413,4,3
119415,3,1
119416,3,1
119418,3,2
119423,4,0
119425,4,3
119427,3,1
119435,2,0
119447,0,0
119453,4,2
119456,4,3
119459,5,2
119467,2,1
119475,3,1
119485,1,1
119496,3,1
119503,1,0
119518,4,0
119526,1,0
119534,4,2
119555,1,1
119564,3,1
119572,0,0
119593,1,0
119630,3,1
119631,4,3
119642,4,1
119648,1,0
119668,3,0
119671,4,3
119677,2,0
119694,2,2
119706,4,3
119711,1,0
119712,1,2
119714,1,1
119729,4,1
119742,5,2
119769,3,1
119775,2,1
119780,2,2
119781,2,0
119801,2,1
119802,0,0
119807,3,1
119811,0,0
119844,4,1
119850,0,0
119860,1,0
119868,0,0
119879,2,1
119881,3,1
119886,2,1
119896,4,3
119898,0,0
119902,0,0
119910,0,0
119924,1,3
119930,3,1
119931,4,3
119957,2,0
119959,4,1
119965,4,3
119968,1,1
119970,4,3
119976,3,1
119991,3,1
120004,3,3
120010,1,0
120038,0,0
120061,3,1
120065,1,0
120071,3,1
120072,1,0
120075,3,4
120090,2,0
120092,4,3
120101,3,0
120102,4,3
120103,0,0
120105,4,3
120113,3,0
120122,4,1
120123,2,1
120131,4,3
120132,0,0
120143,5,2
120145,2,0
120149,4,3
120154,4,3
120156,4,3
120163,3,3
120166,2,0
120169,2,1
120186,0,0
120192,3,1
120195,1,0
120208,2,1
120219,1,2
120220,4,3
120221,0,0
120230,3,4
120245,1,1
120268,0,0
120275,1,0
120278,1,1
120279,4,0
120294,4,3
120295,2,3
120302,4,1
120304,2,2
120305,2,0
120312,4,3
120313,3,4
120345,4,3
120359,2,2
120365,4,1
120369,4,3
120383,1,0
120387,2,1
120391,0,0
120399,1,2
120408,1,1
120409,4,3
120410,3,2
120422,2,0
120423,3,0
120424,2,1
120425,1,0
120428,1,1
120429,1,1
120434,4,3
120451,4,3
120462,3,1
120466,4,1
120525,3,0
120538,3,4
120544,2,0
120545,2,1
120555,3,2
120559,3,2
120567,4,3
120574,2,1
120577,4,3
120578,4,3
120579,1,1
120586,4,3
120603,4,1
120612,1,0
120616,0,1
120618,4,1
120625,3,0
120631,1,0
120637,1,1
120639,1,0
120640,1,0
120645,4,3
120652,4,3
120673,2,3
120684,3,0
120685,4,1
120690,0,0
120695,4,3
120697,3,0
120704,3,1
120708,0,0
120723,1,0
120729,4,1
120788,1,1
120789,4,2
120805,3,1
120824,1,1
120842,4,3
120843,2,2
120869,4,3
120876,2,1
120878,4,3
120883,3,0
120892,3,2
120896,0,0
120899,4,1
120908,3,1
120910,4,3
120918,4,3
120953,0,0
120960,4,2
120966,1,3
120967,1,0
120975,0,1
120985,4,3
120989,4,3
120998,3,1
121000,1,0
121004,1,2
121013,1,0
121014,3,0
121016,0,0
121022,2,1
121026,4,3
121041,2,1
121048,1,0
121059,4,3
121060,2,1
121077,4,3
121079,0,1
121082,3,3
121106,1,0
121107,3,0
121121,3,0
121129,2,1
121133,4,3
121134,1,0
121139,4,1
121148,2,1
121151,5,2
121152,4,3
121155,1,1
121174,5,2
121180,2,0
121188,2,1
121192,1,1
121222,1,0
121228,1,0
121238,5,2
121240,0,0
121245,3,0
121247,2,5
121249,4,3
121251,3,2
121252,3,1
121253,2,0
121258,4,3
121271,4,3
121274,3,4
121275,2,1
121276,5,2
121285,1,1
121286,2,1
121288,3,1
121291,5,2
121300,1,1
121306,4,1
121309,3,1
121315,2,0
121322,2,0
121331,1,1
121332,2,2
121337,4,2
121348,1,0
121349,0,0
121356,5,2
121359,1,2
121367,3,1
121369,2,2
121383,4,1
121390,0,0
121394,4,3
121402,3,1
121404,2,0
121414,0,0
121421,3,1
121425,4,3
121431,3,0
121436,3,4
121440,4,1
121453,2,0
121454,2,1
121466,0,0
121475,0,0
121505,2,0
121507,2,0
121510,4,3
121512,3,1
121523,3,1
121535,4,3
121536,2,1
121544,2,1
121545,0,1
121596,4,3
121610,0,0
121639,3,1
121644,1,1
121648,4,3
121658,2,1
121664,1,1
121669,4,3
121690,4,3
121712,0,0
121713,0,1
121715,1,1
121722,2,1
121726,5,2
121749,3,1
121750,3,1
121756,2,1
121758,0,0
121760,4,3
121762,0,0
121764,2,1
121765,0,0
121767,2,0
121773,3,2
121804,2,1
121831,2,1
121838,0,0
121839,3,1
121840,0,0
121852,1,2
121858,5,2
121909,4,3
121916,3,0
121935,1,0
121947,4,3
121955,2,0
121968,4,3
121970,3,1
121981,1,1
121990,0,1
121991,4,1
121996,1,1
121999,4,3
122017,1,2
122030,0,0
122042,1,0
122046,2,1
122048,4,3
122051,3,1
122056,0,0
122075,4,1
122080,3,1
122087,3,1
122089,4,3
122090,1,0
122091,2,1
122093,4,3
122103,4,3
122118,2,1
122122,4,1
122128,1,0
122142,1,0
122149,3,2
122151,5,2
122152,1,0
122153,4,1
122169,2,1
122200,4,1
122203,3,1
122204,3,1
122218,4,3
122225,1,1
122227,3,1
122228,4,1
122233,4,0
122244,1,1
122253,3,0
122268,0,1
122272,1,2
122286,4,3
122294,1,0
122298,0,0
122299,1,2
122300,2,1
122315,4,3
122326,4,3
122332,2,3
122337,3,1
122338,3,1
122339,2,1
122343,4,2
122344,2,1
122359,5,2
122369,2,2
122374,4,1
122393,5,1
122398,4,3
122408,2,1
122411,4,3
122414,2,1
122428,0,0
122431,2,2
122445,1,1
122450,2,0
122451,0,0
122452,0,0
122454,4,1
122455,0,0
122457,6,1
122459,4,3
122460,1,0
122465,2,0
122466,0,1
122467,2,1
122490,2,0
122499,3,0
122502,4,1
122505,3,1
122508,4,3
122514,3,0
122525,3,2
122530,4,3
122545,2,1
122546,4,3
122547,4,3
122548,3,0
122552,4,0
122562,2,1
122586,4,2
122595,4,1
122598,2,1
122603,4,3
122607,3,1
122630,1,1
122639,5,2
122643,1,1
122648,2,1
122657,4,2
122660,3,1
122665,3,1
122692,4,1
122695,0,0
122701,4,3
122712,4,2
122719,2,1
122727,2,1
122729,4,3
122732,0,0
122733,4,0
122735,2,1
122737,2,0
122738,2,1
122740,4,3
122765,1,0
122769,1,1
122784,4,3
122798,4,3
122805,2,1
122819,2,2
122820,2,1
122846,3,1
122847,4,3
122848,1,0
122857,3,1
122885,0,0
122891,4,3
122906,3,3
122907,3,2
122910,3,1
122914,0,0
122918,4,1
122921,2,1
122922,4,3
122935,4,3
122955,3,1
122959,3,2
122960,1,0
122967,4,3
122990,2,2
122993,4,3
122997,4,3
123020,4,0
123021,3,1
123032,4,2
123035,1,0
123051,3,1
123054,1,1
123057,2,1
123059,4,2
123062,1,0
123063,3,0
123079,4,3
123082,4,3
123093,0,0
123100,2,0
123119,0,0
123126,4,1
123131,0,0
123141,4,3
123167,4,3
123171,3,1
123173,0,0
123178,2,2
123182,3,3
123184,3,1
123190,4,3
123208,2,0
123222,0,0
123224,4,3
123225,4,1
123262,0,0
123272,0,1
123277,3,1
123285,1,0
123293,4,3
123294,2,1
123308,1,1
123315,1,1
123317,2,0
123334,2,1
123337,2,0
123341,2,1
123351,3,1
123354,4,3
123364,2,1
123366,4,3
123369,1,1
123388,1,0
123400,1,1
123401,2,0
123406,3,0
123407,0,0
123417,4,3
123419,2,2
123449,4,0
123451,2,2
123459,0,0
123466,1,0
123477,2,1
123482,1,1
123485,3,1
123486,2,0
123494,5,2
123501,3,1
123503,3,1
123514,4,3
123526,0,1
123539,4,2
123546,2,4
123562,1,1
123574,4,1
123582,0,0
123600,1,1
123601,0,0
123602,4,3
123603,2,2
123616,4,3
123624,2,0
123625,0,0
123628,0,0
123631,4,1
123632,2,1
123644,4,3
123646,1,0
123651,4,1
123652,5,2
123653,1,1
123657,4,1
123664,4,1
123674,4,3
123697,3,2
123712,2,1
123723,0,0
123726,0,0
123727,4,1
123728,1,0
123739,4,1
123748,1,0
123750,4,3
123754,4,3
123767,4,3
123772,4,1
123784,4,0
123785,1,2
123795,0,0
123801,4,3
123809,3,0
123813,2,0
123814,4,3
123816,2,1
123817,2,1
123818,2,1
123868,4,1
123871,5,2
123875,0,0
123877,3,2
123884,4,1
123889,2,0
123895,2,2
123899,2,3
123901,3,0
123903,4,1
123914,1,0
123919,3,1
123927,3,0
123930,2,1
123940,0,0
123942,3,0
123961,4,2
123966,3,0
123974,4,3
123981,1,0
123982,2,1
123989,2,1
123998,3,2
123999,4,2
124000,0,0
124006,3,1
124014,3,0
124015,2,2
124025,3,1
124028,4,3
124032,2,1
124040,2,0
124042,3,1
124046,5,2
124055,3,0
124057,1,0
124059,2,0
124061,3,0
124063,1,1
124065,4,1
124081,0,0
124083,0,0
124104,1,1
124113,2,0
124118,4,1
124120,0,1
124121,3,2
124128,4,3
124131,4,3
124152,2,1
124157,3,1
124161,2,1
124163,0,0
124176,4,3
124177,5,2
124181,2,1
124182,3,1
124183,3,1
124188,1,0
124200,1,0
124214,0,0
124240,1,1
124246,0,0
124288,0,0
124303,3,0
124304,4,3
124305,4,3
124312,3,2
124323,1,1
124324,0,1
124340,1,0
124349,2,1
124352,3,1
124353,1,2
124372,2,0
124377,1,0
124380,3,0
124397,2,2
124399,1,1
124403,1,0
124410,2,0
124411,2,0
124412,3,4
124416,3,1
124429,4,3
124447,2,0
124457,3,1
124464,4,3
124465,2,0
124466,2,1
124467,3,1
124468,2,0
124471,0,0
124472,5,2
124477,4,3
124484,4,3
124485,2,1
124486,4,3
124487,0,0
124495,3,0
124498,3,3
124499,4,3
124500,3,2
124501,2,1
124503,0,0
124507,3,1
124524,5,2
124531,0,0
124532,4,3
124533,3,4
124534,4,3
124536,3,1
124540,0,0
124541,1,1
124542,4,3
124553,1,0
124557,2,1
124561,3,0
124578,2,0
124588,2,1
124593,2,2
124610,1,0
124637,2,1
124643,3,1
124649,2,1
124654,4,3
124660,4,1
124662,4,0
124674,3,1
124677,2,1
124681,2,0
124683,1,0
124693,1,2
124695,5,2
124698,5,2
124705,2,3
124707,3,1
124724,4,3
124767,2,1
124768,4,3
124795,1,1
124813,2,0
124818,2,1
124824,3,1
124837,0,0
124839,1,4
124840,3,1
124876,2,2
124878,1,1
124880,0,0
124881,2,1
124882,3,0
124886,4,3
124887,0,0
124888,2,1
124890,2,1
124891,1,0
124892,1,1
124893,4,1
124894,0,0
124895,4,3
124896,4,3
124898,1,1
124899,0,0
124904,2,1
124918,3,1
124928,3,0
124931,0,0
124935,1,1
124939,4,2
124957,0,0
124981,3,1
125015,1,0
125030,3,0
125042,0,0
125050,0,0
125062,3,0
125065,4,3
125066,0,0
125073,3,2
125084,4,3
125093,0,0
125095,0,0
125102,2,1
125110,4,3
125118,2,1
125121,1,2
125127,2,0
125129,2,1
125132,1,0
125133,3,2
125135,4,1
125139,3,1
125145,2,1
125159,1,0
125166,3,1
125172,1,1
125175,4,0
125198,3,1
125213,2,0
125220,4,3
125222,3,2
125226,2,0
125231,2,2
125240,4,3
125248,3,3
125269,3,2
125295,1,0
125301,5,2
125307,1,0
125350,2,1
125354,3,1
125357,1,0
125359,0,1
125368,2,0
125370,1,0
125374,2,1
125380,4,3
125382,4,3
125390,3,4
125408,4,3
125416,3,3
125418,2,1
125423,2,1
125426,4,3
125428,4,1
125440,4,1
125451,5,0
125453,3,1
125456,0,0
125457,2,1
125467,3,1
125472,0,0
125481,2,0
125483,0,0
125491,3,1
125494,4,3
125500,4,1
125512,4,1
125517,1,1
125533,2,2
125539,5,2
125555,2,1
125557,1,2
125571,1,0
125581,4,1
125584,4,0
125591,1,1
125592,1,1
125593,4,1
125594,2,0
125595,2,1
125596,0,0
125598,0,0
125608,0,0
125609,1,1
125619,1,2
125622,4,3
125624,5,2
125625,3,1
125627,2,2
125628,3,1
125631,3,1
125634,4,3
125645,1,1
125647,2,0
125649,1,1
125654,5,2
125656,2,0
125657,2,1
125658,3,1
125660,3,1
125661,1,1
125664,4,2
125667,3,2
125668,2,1
125670,1,0
125677,3,1
125690,0,0
125710,1,2
125713,5,2
125714,3,0
125721,3,0
125723,4,3
125728,4,1
125737,4,1
125744,3,1
125745,2,1
125748,1,1
125752,3,1
125754,3,0
125755,3,1
125756,0,0
125757,4,2
125758,1,0
125759,3,1
125760,1,0
125762,4,3
125767,2,1
125773,0,0
125810,3,2
125811,1,1
125817,2,0
125819,4,3
125841,3,2
125852,3,2
125856,1,0
125861,0,0
125869,0,0
125872,2,2
125879,2,0
125891,0,0
125915,5,2
125916,3,1
125917,1,0
125920,2,1
125929,1,0
125943,2,1
125944,2,2
125959,4,1
125965,4,1
125975,2,2
125986,2,0
125987,1,0
125993,3,2
126003,4,3
126008,4,3
126011,0,0
126030,4,3
126031,0,0
126034,3,1
126037,4,3
126045,2,1
126048,3,1
126049,2,2
126050,4,3
126053,3,2
126067,1,1
126098,3,0
126103,2,0
126105,1,0
126113,2,0
126117,4,3
126118,3,2
126119,3,0
126123,0,0
126129,4,3
126141,4,3
126149,2,1
126151,3,1
126152,0,0
126154,2,1
126168,1,2
126169,2,0
126180,2,0
126181,4,3
126186,2,0
126191,5,3
126199,3,2
126216,2,0
126225,3,2
126226,4,1
126227,4,3
126228,2,2
126229,3,1
126230,4,0
126239,0,0
126240,0,0
126244,2,2
126246,2,0
126248,4,3
126255,1,0
126256,1,0
126292,4,3
126308,2,0
126310,1,1
126313,1,0
126321,4,3
126326,1,0
126328,1,0
126332,3,1
126336,4,0
126343,4,3
126355,2,1
126362,3,0
126368,0,0
126369,5,2
126384,1,0
126391,4,2
126395,0,0
126407,2,1
126419,4,1
126422,4,1
126423,4,3
126441,3,2
126443,4,3
126454,0,0
126485,1,1
126486,1,0
126496,4,3
126498,4,3
126505,1,0
126508,3,2
126520,3,1
126524,1,2
126526,4,1
126527,1,0
126529,3,2
126531,3,1
126532,4,3
126533,2,2
126535,3,0
126536,4,1
126538,4,3
126552,2,2
126565,4,3
126577,4,3
126591,4,2
126596,1,1
126597,2,1
126603,3,2
126604,0,0
126616,3,1
126630,4,3
126643,0,0
126645,4,0
126651,3,3
126668,4,3
126669,2,2
126674,4,1
126675,2,1
126686,1,0
126689,1,0
126690,4,3
126704,2,1
126710,3,0
126721,4,3
126723,2,0
126731,5,2
126737,3,0
126743,3,1
126749,1,0
126754,2,0
126762,2,0
126774,2,2
126780,4,1
126790,0,0
126800,1,0
126802,0,0
126810,1,0
126812,2,0
126819,4,3
126825,2,2
126832,2,1
126838,2,1
126843,3,1
126845,4,2
126846,4,3
126847,4,3
126848,1,1
126850,2,0
126857,0,3
126867,4,1
126869,3,2
126888,3,0
126899,3,1
126900,2,1
126901,3,0
126911,2,1
126917,2,0
126922,1,1
126931,3,1
126934,4,2
126946,2,1
126950,1,0
126953,4,0
126960,4,0
126966,2,1
126967,0,0
126976,2,0
126977,0,0
126978,4,1
127020,3,3
127024,4,2
127034,2,0
127065,4,3
127066,4,3
127075,4,3
127078,2,1
127094,3,0
127137,2,2
127142,1,0
127145,4,2
127147,4,0
127153,3,2
127160,1,0
127186,3,1
127196,4,1
127202,0,0
127210,2,0
127221,4,3
127228,4,3
127229,4,3
127235,4,3
127239,3,1
127254,2,1
127272,0,0
127275,4,1
127277,3,0
127278,5,2
127279,4,3
127296,0,0
127307,2,1
127318,2,1
127328,2,1
127342,4,3
127363,3,1
127364,2,1
127365,3,1
127377,1,1
127403,2,1
127410,1,0
127411,1,1
127414,0,0
127420,2,0
127447,4,3
127452,3,2
127453,3,2
127454,3,2
127455,3,0
127456,2,0
127457,1,0
127462,0,0
127466,2,1
127478,3,1
127484,0,0
127485,2,0
127488,0,0
127494,3,1
127507,2,0
127512,2,1
127520,1,0
127547,2,2
127548,4,3
127558,0,1
127561,2,1
127575,3,2
127581,5,2
127583,4,3
127584,2,1
127592,2,1
127609,2,2
127637,2,0
127657,0,0
127659,4,3
127661,0,0
127676,0,0
127696,4,1
127718,0,0
127719,2,1
127726,1,2
127731,2,2
127734,1,0
127741,3,1
127744,2,1
127745,2,1
127758,3,0
127764,3,1
127792,3,2
127810,3,2
127818,1,1
127822,1,1
127825,1,0
127826,4,3
127828,1,1
127839,2,1
127843,4,1
127847,4,2
127855,4,3
127856,2,1
127857,0,0
127864,1,1
127868,3,1
127876,3,1
127885,4,3
127888,1,1
127892,2,0
127893,0,0
127896,4,1
127906,0,0
127910,0,0
127913,2,1
127914,2,1
127924,0,0
127926,4,0
127943,4,2
127947,1,0
127950,4,3
127959,1,0
127961,2,2
127963,1,1
127985,0,0
127994,4,3
128009,1,0
128017,3,1
128030,2,1
128032,1,0
128034,2,1
128041,1,0
128045,0,0
128064,0,0
128071,0,1
128074,3,1
128075,1,0
128079,4,3
128084,1,1
128100,4,3
128101,4,3
128103,3,0
128106,1,0
128126,4,1
128135,1,1
128153,1,0
128156,4,1
128157,3,1
128158,3,1
128161,4,0
128163,3,2
128164,5,2
128165,2,1
128167,2,2
128168,3,1
128173,1,1
128180,4,1
128183,3,0
128191,3,2
128211,3,2
128227,2,1
128228,3,1
128237,3,0
128245,0,0
128254,4,3
128263,4,2
128268,1,1
128270,2,1
128272,3,4
128274,2,0
128286,0,0
128287,1,1
128288,0,0
128293,1,0
128294,3,1
128310,2,0
128314,1,1
128319,3,1
128323,5,2
128324,0,0
128329,0,0
128331,4,3
128334,0,0
128338,1,0
128356,1,0
128358,4,3
128372,1,1
128373,0,1
128385,1,1
128387,1,0
128388,4,3
128389,1,0
128390,1,0
128391,3,3
128415,4,3
128418,4,2
128421,4,3
128422,2,5
128423,3,1
128428,1,1
128433,4,1
128440,2,0
128452,3,1
128457,2,1
128467,3,2
128470,0,0
128485,4,3
128488,2,2
128497,2,1
128499,2,0
128514,4,3
128524,3,3
128536,0,0
128537,3,1
128538,1,2
128542,1,0
128547,3,1
128549,2,0
128558,3,2
128561,3,1
128562,3,1
128563,0,0
128567,1,0
128571,3,0
128573,3,2
128576,2,2
128582,2,0
128595,4,3
128605,0,0
128606,2,1
128615,0,0
128619,4,3
128656,1,0
128659,1,0
128660,3,1
128661,3,0
128666,2,2
128668,2,0
128673,0,0
128677,0,1
128680,3,4
128686,4,3
128689,0,0
128694,3,1
128695,0,0
128697,1,0
128700,2,2
128704,2,3
128710,2,1
128712,0,0
128718,4,2
128730,1,0
128733,2,1
128742,4,3
128743,1,0
128749,0,1
128755,1,0
128757,3,1
128759,4,1
128766,4,3
128777,1,0
128797,4,1
128804,1,0
128815,4,3
128823,0,0
128824,1,2
128831,2,1
128833,3,0
128835,4,3
128837,2,0
128839,1,0
128861,1,0
128865,4,1
128869,1,1
128875,2,1
128877,4,1
128880,4,2
128884,2,1
128885,2,0
128891,5,2
128900,0,0
128902,1,1
128908,3,3
128924,4,3
128928,0,1
128929,1,0
128930,0,0
128934,2,3
128943,1,0
128962,4,2
128973,3,1
128984,0,0
128993,4,3
128994,0,1
128996,3,0
129000,2,0
129010,3,0
129011,2,0
129020,2,2
129026,5,2
129030,1,1
129039,3,2
129048,2,0
129050,3,0
129055,4,3
129063,4,1
129073,1,1
129087,2,2
129088,2,2
129089,3,1
129090,3,1
129091,3,2
129092,2,0
129093,2,0
129094,0,0
129097,2,0
129115,4,3
129120,4,3
129121,3,1
129123,2,1
129125,2,0
129128,4,3
129143,4,1
129149,2,1
129150,0,0
129167,3,2
129175,4,2
129179,2,1
129188,4,3
129202,2,0
129212,2,0
129219,1,0
129222,1,1
129224,3,1
129225,2,0
129228,5,2
129229,3,2
129244,0,0
129252,0,0
129262,2,2
129266,0,0
129268,2,2
129284,2,1
129287,4,1
129309,3,3
129312,4,3
129337,2,1
129339,3,0
129341,0,0
129344,4,2
129347,4,3
129348,0,0
129359,2,5
129364,4,3
129371,1,1
129376,1,1
129377,3,2
129388,2,0
129406,2,1
129409,1,0
129425,3,0
129427,3,0
129431,2,0
129437,4,3
129438,4,3
129458,4,3
129462,0,0
129480,1,2
129617,1,0
129624,3,0
129630,4,0
129646,4,2
129659,3,1
129665,3,1
129681,4,1
129689,4,3
129692,3,0
129696,4,3
129704,1,1
129707,1,0
129708,4,1
129710,3,0
129740,3,1
129743,1,0
129744,2,1
129748,4,1
129779,4,0
129783,3,0
129788,0,0
129789,3,1
129790,2,0
129795,2,1
129800,0,0
129804,2,0
129805,4,0
129807,4,2
129811,4,3
129815,4,2
129817,2,2
129818,5,2
129823,3,0
129829,0,0
129842,4,1
129848,5,2
129865,3,4
129875,3,1
129889,4,3
129890,0,0
129892,2,1
129895,1,0
129896,2,1
129900,4,2
129920,2,1
129925,3,2
129934,3,1
129936,1,0
129942,5,1
129951,2,0
129952,4,3
129960,0,0
129967,3,1
129970,1,1
129983,3,0
129987,4,3
129991,4,3
129997,3,2
130000,2,1
130001,4,3
130002,1,0
130003,1,0
130004,5,2
130010,4,1
130017,2,1
130020,3,0
130026,2,1
130034,4,2
130040,1,0
130048,2,1
130049,3,2
130056,0,0
130057,3,1
130058,3,2
130060,3,2
130061,1,0
130083,4,3
130097,4,0
130107,0,0
130111,2,1
130117,0,0
130133,3,0
130134,2,1
130138,5,1
130153,4,3
130164,4,3
130165,4,3
130166,0,0
130168,0,0
130169,1,1
130170,1,1
130173,0,0
130182,2,1
130186,1,1
130194,2,0
130204,2,1
130206,4,0
130208,3,1
130220,3,1
130230,4,2
130232,1,0
130234,3,2
130237,3,2
130250,1,0
130254,2,0
130255,1,0
130278,4,3
130279,2,2
130282,4,3
130290,4,3
130297,2,0
130311,1,0
130313,4,3
130319,0,0
130321,2,1
130325,4,3
130328,4,2
130340,2,1
130350,3,3
130355,2,1
130361,2,2
130362,2,1
130374,0,0
130375,3,1
130423,5,2
130425,4,3
130432,5,2
130441,4,1
130449,3,1
130452,3,1
130454,1,0
130463,4,1
130479,2,1
130486,4,2
130490,1,1
130500,3,1
130528,0,0
130533,3,0
130543,3,1
130550,5,2
130565,4,3
130566,2,0
130572,1,1
130592,4,1
130608,0,0
130612,2,2
130613,3,2
130630,4,0
130642,1,1
130662,3,1
130666,1,1
130669,3,1
130672,2,1
130675,5,2
130697,4,3
130700,3,1
130710,0,0
130722,4,1
130728,4,1
130731,3,1
130732,4,1
130740,4,3
130743,2,0
130746,4,3
130748,2,1
130759,1,0
130763,2,0
130772,4,3
130777,5,2
130784,1,1
130785,2,1
130791,2,1
130793,2,1
130814,0,0
130824,4,3
130826,2,1
130838,4,2
130841,3,1
130847,2,1
130848,3,1
130852,3,1
130853,3,1
130856,4,2
130859,1,0
130869,2,1
130872,3,0
130875,2,1
130882,2,0
130889,1,0
130893,1,0
130895,1,0
130906,0,0
130919,4,3
130940,4,3
130953,2,2
130955,3,1
130974,2,1
130982,3,0
130989,5,2
131007,4,2
131016,1,1
131030,2,1
131031,4,3
131035,4,1
131042,4,1
131044,2,0
131063,1,0
131064,4,2
131077,1,2
131083,2,1
131094,2,1
131095,2,0
131109,1,0
131129,4,3
131143,6,1
131147,4,3
131148,0,0
131151,5,2
131158,0,1
131159,1,0
131163,4,1
131170,3,3
131181,0,0
131182,0,0
131201,2,2
131204,4,1
131217,4,1
131223,3,1
131231,3,1
131241,3,3
131245,4,3
131261,4,1
131276,2,1
131278,5,1
131279,0,0
131282,3,4
131289,1,0
131302,2,1
131306,2,1
131312,0,0
131314,4,2
131321,4,3
131322,4,3
131323,4,2
131334,3,0
131335,0,0
131338,4,1
131341,4,0
131349,0,1
131361,3,1
131368,0,1
131375,4,3
131377,4,2
131389,1,1
131390,3,0
131391,1,0
131404,2,1
131407,0,0
131416,1,2
131418,0,0
131421,4,3
131433,0,0
131453,4,3
131454,0,0
131460,4,2
131464,2,0
131470,1,2
131485,1,0
131486,1,1
131488,3,0
131493,3,0
131501,4,3
131520,3,0
131522,3,1
131523,2,0
131540,2,1
131546,2,1
131549,4,1
131561,3,1
131574,0,0
131582,0,0
131587,3,3
131596,3,0
131598,4,2
131605,0,1
131616,4,1
131620,2,0
131630,2,2
131634,1,0
131639,3,1
131648,3,1
131666,2,1
131673,1,1
131676,2,0
131678,1,0
131682,0,0
131698,2,1
131705,2,1
131714,2,1
131715,3,0
131728,2,1
131738,4,1
131744,2,3
131750,3,1
131751,4,3
131756,4,1
131757,4,2
131760,0,0
131768,5,3
131784,0,0
131785,2,1
131789,2,1
131790,2,1
131794,0,0
131801,1,0
131835,3,0
131850,2,0
131851,4,3
131857,2,1
131867,3,1
131868,1,0
131870,3,0
131880,2,1
131885,1,1
131888,1,0
131893,0,1
131896,2,2
131898,2,0
131911,0,0
131912,2,1
131940,4,3
131948,2,1
131960,4,1
131962,4,1
131966,0,0
131984,1,1
131986,2,1
131991,3,2
131993,1,1
131999,2,1
132001,1,2
132003,3,0
132022,4,0
132040,1,0
132045,0,0
132049,2,0
132052,1,2
132059,5,2
132066,2,1
132070,2,1
132076,2,0
132088,4,3
132089,1,1
132103,2,0
132108,2,1
132109,4,3
132127,0,0
132131,3,1
132132,1,1
132133,4,3
132134,2,0
132135,1,1
132144,0,0
132151,0,0
132154,4,3
132158,3,3
132159,4,3
132161,0,0
132164,4,2
132168,2,2
132192,4,0
132201,1,0
132203,3,1
132205,1,2
132206,5,2
132208,1,1
132218,5,2
132221,4,1
132235,4,3
132236,1,1
132243,0,0
132254,0,0
132263,4,2
132291,3,2
132293,3,0
132297,4,1
132303,4,3
132308,3,4
132315,6,1
132321,2,0
132325,4,2
132326,2,1
132330,4,3
132345,2,1
132346,3,2
132350,1,1
132396,5,2
132415,3,2
132428,3,1
132433,1,0
132437,3,0
132438,4,3
132441,3,0
132442,0,0
132450,3,1
132456,1,1
132458,2,2
132459,0,0
132461,3,1
132467,4,3
132468,3,0
132483,3,2
132484,1,0
132491,3,0
132495,4,1
132512,4,2
132515,1,0
132521,2,1
132534,4,2
132542,4,3
132544,4,3
132549,3,0
132555,1,1
132561,0,0
132577,2,1
132578,4,2
132582,5,2
132585,1,2
132589,0,0
132600,4,3
132606,3,1
132612,1,0
132613,1,1
132620,2,1
132622,3,0
132628,5,1
132632,4,2
132636,2,0
132638,3,2
132644,4,1
132649,4,3
132652,0,0
132658,2,0
132660,2,1
132666,2,1
132671,2,1
132678,3,2
132685,0,0
132689,0,0
132700,4,1
132707,4,1
132715,1,1
132718,3,2
132721,5,2
132722,4,2
132725,4,2
132734,3,1
132737,3,2
132741,2,2
132745,1,0
132750,0,0
132755,2,1
132762,0,0
132772,4,3
132781,2,1
132791,4,1
132793,4,3
132800,4,1
132803,1,1
132820,5,2
132822,1,0
132825,0,0
132834,2,0
132836,2,1
132841,2,1
132843,2,1
132845,2,2
132846,1,0
132851,2,2
132852,1,0
132868,4,1
132869,3,0
132872,2,0
132875,3,0
132879,2,1
132883,3,0
132885,2,1
132886,3,2
132887,4,3
132888,2,0
132890,4,3
132891,3,1
132893,1,1
132898,1,0
132906,1,1
132909,2,1
132910,4,3
132915,4,3
132921,0,0
132924,6,2
132925,4,3
132932,1,1
132934,0,0
132947,2,1
132959,2,1
132961,0,0
132962,4,3
132975,0,0
132979,1,0
132982,0,0
132988,2,3
133001,1,0
133017,4,3
133025,1,0
133035,1,1
133048,4,3
133050,2,0
133052,4,3
133055,4,3
133057,1,1
133059,0,0
133064,2,1
133075,4,1
133081,2,0
133082,2,0
133087,2,1
133088,2,1
133100,2,2
133106,2,1
133108,1,0
133109,1,0
133121,1,0
133134,0,0
133141,3,2
133143,2,0
133146,1,1
133147,3,2
133150,3,1
133152,5,2
133154,1,0
133171,0,0
133176,4,3
133195,2,1
133207,2,1
133216,1,1
133222,1,0
133224,2,1
133226,2,1
133230,0,0
133246,4,3
133251,1,0
133256,4,3
133263,2,0
133266,1,1
133267,2,0
133272,2,1
133280,3,0
133308,4,1
133309,1,0
133310,0,0
133313,2,1
133315,2,1
133317,4,3
133320,4,1
133343,4,1
133345,4,0
133349,1,0
133350,4,2
133351,0,0
133356,3,1
133360,4,3
133364,3,1
133374,3,2
133378,1,0
133391,4,3
133401,4,1
133405,0,0
133408,3,0
133421,3,2
133429,4,2
133450,4,1
133457,2,0
133482,2,1
133503,1,0
133508,3,2
133509,0,0
133515,4,3
133525,0,0
133526,3,0
133529,4,1
133532,4,3
133545,3,1
133551,4,1
133555,5,2
133559,3,0
133560,3,1
133564,4,1
133571,4,3
133575,2,1
133584,4,3
133610,0,0
133612,4,3
133622,2,1
133623,4,2
133630,5,2
133631,3,0
133635,2,1
133637,3,1
133642,4,2
133643,1,0
133654,4,3
133662,0,1
133676,4,2
133679,1,1
133682,2,2
133688,5,2
133694,2,0
133698,1,1
133701,4,3
133703,3,1
133708,2,1
133721,0,0
133758,3,1
133761,4,3
133766,3,2
133767,4,1
133786,2,0
133794,3,1
133798,2,0
133813,2,1
133816,2,1
133821,4,3
133823,4,3
133830,2,2
133835,0,0
133837,0,0
133843,4,0
133849,4,1
133856,3,2
133864,4,3
133868,2,1
133872,4,3
133873,1,0
133875,4,2
133885,1,0
133900,2,1
133911,4,3
133936,4,3
133948,4,3
133956,4,1
133958,3,2
133963,0,0
133972,3,2
133976,3,2
134000,1,0
134002,4,3
134007,4,3
134015,1,1
134026,1,0
134028,0,0
134032,2,0
134034,2,1
134037,2,1
134047,4,3
134050,3,1
134065,5,2
134086,4,3
134090,2,1
134093,4,3
134104,4,3
134106,4,1
134107,2,3
134124,2,0
134138,4,3
134152,2,2
134159,2,1
134160,4,3
134166,4,1
134170,3,1
134185,0,0
134192,1,0
134197,5,2
134201,4,0
134202,4,3
134220,5,2
134223,4,3
134224,2,1
134245,2,0
134255,2,1
134265,0,0
134270,2,2
134275,2,2
134282,3,2
134285,3,1
134289,2,1
134302,4,2
134317,0,0
134322,1,0
134323,3,1
134324,5,2
134327,0,0
134329,4,3
134330,2,4
134333,3,1
134335,0,0
134336,0,0
134350,4,1
134351,4,1
134358,4,3
134362,2,1
134375,2,1
134377,0,1
134385,0,0
134386,0,1
134389,0,2
134398,2,1
134401,4,3
134411,3,0
134417,2,1
134432,1,1
134444,4,0
134447,1,1
134449,4,1
134456,3,1
134463,2,0
134464,1,1
134468,2,1
134482,3,1
134494,2,1
134497,0,0
134498,1,1
134508,2,0
134512,3,1
134519,0,0
134530,4,3
134539,4,3
134557,4,3
134566,2,1
134574,3,0
134583,0,0
134589,4,2
134592,3,1
134597,3,4
134602,3,1
134611,3,1
134613,4,1
134623,2,1
134625,0,0
134641,3,1
134642,2,0
134647,4,1
134653,2,1
134667,1,0
134668,1,1
134670,2,2
134676,4,3
134677,3,1
134685,4,1
134691,3,1
134703,4,2
134706,2,0
134735,0,0
134737,1,1
134747,1,0
134750,0,1
134757,5,2
134759,1,1
134767,4,3
134769,0,0
134770,2,2
134773,4,3
134783,0,0
134802,3,2
134817,5,2
134822,3,0
134824,4,3
134825,5,2
134835,1,1
134846,1,0
134848,4,3
134852,1,0
134854,4,3
134855,2,0
134857,4,3
134866,2,2
134868,3,0
134888,1,0
134892,1,1
134895,0,0
134896,4,3
134900,0,0
134909,1,1
134916,3,0
134923,4,3
134925,5,2
134928,3,2
134931,2,1
134932,0,0
134933,2,1
134938,1,0
134943,2,1
134962,2,1
134964,4,2
134967,4,3
134968,4,1
134977,2,1
134978,2,0
134989,2,0
134990,4,2
134999,1,0
135006,4,3
135008,4,3
135010,2,1
135017,4,2
135025,3,1
135030,2,1
135035,4,1
135040,2,0
135046,3,1
135047,2,0
135065,1,0
135067,2,0
135074,4,1
135078,0,0
135089,2,1
135090,4,2
135091,4,3
135105,4,3
135111,2,0
135115,5,1
135122,4,3
135123,5,2
135125,0,0
135140,4,3
135194,3,1
135197,0,0
135198,4,0
135204,3,1
135214,2,1
135215,0,0
135219,3,2
135220,4,0
135229,4,3
135235,2,0
135237,3,1
135243,4,1
135245,4,2
135251,3,4
135254,4,3
135261,0,0
135267,5,2
135268,2,1
135270,1,0
135297,2,1
135304,2,1
135326,1,1
135333,5,1
135335,1,1
135336,0,0
135340,3,2
135343,4,1
135349,2,1
135363,3,2
135371,4,1
135385,0,1
135400,0,0
135406,3,3
135408,2,1
135411,1,3
135413,1,0
135415,2,2
135430,4,3
135437,4,1
135439,4,1
135441,4,1
135444,3,1
135452,5,2
135453,1,1
135466,0,0
135477,4,3
135480,2,0
135483,2,1
135485,1,2
135489,4,3
135492,4,0
135497,3,1
135509,4,3
135511,4,1
135518,4,3
135526,0,0
135530,2,2
135535,4,3
135550,4,3
135553,0,0
135556,0,1
135557,4,2
135561,1,1
135564,0,0
135581,4,3
135582,0,0
135587,4,3
135588,4,1
135591,1,0
135593,3,1
135595,3,0
135599,1,1
135611,0,0
135632,4,1
135633,0,0
135642,2,1
135643,3,1
135646,0,1
135648,4,1
135650,2,0
135652,4,3
135658,1,0
135668,1,0
135671,0,0
135681,2,1
135685,3,1
135689,4,0
135690,3,0
135691,4,3
135695,4,1
135703,0,0
135714,0,0
135720,1,0
135726,3,2
135734,4,3
135737,1,0
135742,4,1
135766,2,0
135767,1,1
135784,0,0
135785,3,1
135791,0,0
135795,3,2
135798,4,1
135799,4,3
135803,2,1
135804,4,2
135807,5,2
135808,4,3
135811,1,0
135819,1,0
135827,4,3
135832,3,2
135833,2,1
135838,5,2
135841,4,3
135845,3,1
135852,2,0
135855,1,0
135857,2,0
135858,2,1
135861,2,0
135863,4,3
135873,4,3
135892,1,1
135901,4,3
135904,3,1
135911,2,0
135918,2,1
135920,1,0
135922,2,0
135926,1,0
135937,4,2
135954,4,3
135958,0,0
135961,0,0
135973,1,0
135974,3,0
135976,1,0
135980,2,0
135982,1,0
135995,4,3
135996,0,0
135998,2,2
136001,1,1
136003,1,0
136012,3,1
136045,4,3
136048,2,0
136051,2,2
136061,4,3
136067,1,0
136070,1,0
136084,1,0
136090,0,0
136095,1,0
136099,4,3
136107,3,1
136116,1,0
136131,2,0
136132,1,0
136140,2,1
136146,2,1
136152,2,1
136167,2,0
136185,4,3
136189,2,0
136191,1,0
136210,1,0
136214,4,0
136215,0,0
136218,0,0
136231,0,0
136240,3,2
136242,1,1
136246,1,0
136255,2,2
136263,3,1
136265,2,2
136270,1,2
136279,4,3
136285,4,3
136320,3,2
136324,2,1
136335,5,1
136336,4,3
136338,2,1
136340,0,0
136352,2,1
136356,2,1
136361,3,0
136364,3,1
136369,1,1
136374,0,0
136379,2,1
136382,3,0
136385,2,1
136393,0,0
136408,2,1
136410,3,4
136423,4,3
136425,2,1
136446,4,2
136458,0,0
136459,4,3
136466,4,2
136469,3,0
136481,1,2
136483,4,1
136484,0,0
136491,4,1
136493,2,0
136500,5,2
136504,0,0
136508,4,1
136509,3,1
136514,1,0
136517,3,2
136519,2,1
136536,4,3
136542,2,1
136562,4,2
136572,1,0
136586,2,1
136589,4,3
136596,0,0
136607,2,1
136611,4,3
136627,2,0
136637,0,0
136647,1,1
136652,1,0
136666,2,0
136683,0,1
136686,3,0
136699,1,1
136701,2,1
136704,4,3
136714,0,0
136729,1,1
136730,2,2
136732,4,0
136769,0,0
136770,0,1
136781,3,2
136785,1,1
136792,0,0
136808,5,2
136816,2,0
136824,3,3
136826,4,1
136829,2,1
136837,0,0
136841,4,3
136844,0,1
136862,1,0
136863,3,2
136866,0,0
136878,3,1
136879,2,0
136882,3,3
136887,4,1
136893,0,0
136895,3,1
136907,3,3
136911,2,1
136913,4,3
136914,2,1
136918,2,1
136920,3,0
136925,1,0
136927,0,1
136936,4,0
136937,4,3
136938,1,0
136939,0,0
136940,4,3
136947,4,3
136953,5,2
136963,3,2
136965,5,2
136971,0,1
136972,3,1
136979,4,3
136982,1,1
136984,4,1
136991,3,1
137008,2,2
137024,4,1
137029,3,2
137059,1,1
137066,1,1
137067,5,2
137069,0,0
137074,4,3
137075,3,0
137078,4,3
137083,3,1
137086,3,1
137113,1,0
137114,3,1
137115,4,3
137126,0,0
137130,2,2
137132,4,0
137141,4,0
137147,1,0
137155,1,0
137156,4,2
137157,3,1
137168,1,1
137169,2,1
137170,0,0
137171,1,2
137182,0,0
137198,4,3
137211,3,3
137241,5,1
137245,2,1
137246,2,2
137247,4,1
137254,4,1
137264,4,3
137269,3,2
137271,3,1
137279,1,1
137283,0,0
137284,5,2
137287,1,0
137306,0,0
137309,3,0
137321,1,2
137327,3,0
137329,3,1
137331,0,0
137342,4,3
137355,0,0
137364,4,0
137373,4,2
137389,4,3
137402,2,1
137412,0,0
137415,1,0
137438,1,1
137452,3,1
137454,2,1
137456,1,1
137458,3,2
137461,3,1
137465,4,3
137467,1,1
137471,3,1
137472,0,0
137486,0,0
137487,4,1
137491,2,2
137501,2,2
137502,3,3
137506,0,1
137514,5,2
137516,2,1
137525,2,0
137527,3,1
137541,0,0
137561,2,2
137569,2,0
137580,2,0
137581,3,1
137588,1,2
137595,0,0
137596,1,0
137598,5,2
137605,2,1
137614,2,2
137615,5,2
137620,4,1
137648,1,0
137649,4,3
137656,4,3
137666,1,0
137667,4,3
137670,4,3
137672,0,0
137675,4,3
137679,1,1
137683,2,1
137715,2,2
137719,4,0
137720,1,0
137724,5,1
137725,3,2
137726,4,3
137727,0,0
137734,4,2
137742,2,1
137746,3,1
137761,2,1
137763,5,1
137792,2,2
137800,3,0
137806,5,2
137811,1,1
137815,4,3
137821,1,0
137832,4,1
137834,3,4
137839,4,3
137840,0,0
137843,3,1
137846,1,0
137847,1,1
137858,2,1
137860,3,1
137867,1,0
137876,4,1
137877,0,0
137881,4,3
137884,2,1
137897,2,0
137904,1,0
137921,2,2
137949,1,0
137957,4,1
137958,0,0
137960,3,0
137970,3,1
137983,4,3
137986,1,1
137990,4,3
137991,4,3
138000,4,3
138001,1,0
138002,4,3
138003,2,1
138004,6,1
138005,3,1
138009,3,0
138011,3,2
138014,2,0
138015,3,1
138028,0,0
138035,0,0
138056,2,1
138057,2,2
138064,2,1
138069,3,1
138071,3,2
138073,4,3
138075,4,1
138092,2,2
138094,2,0
138097,4,3
138102,4,3
138112,3,1
138114,4,3
138118,2,0
138125,1,0
138129,2,1
138142,1,0
138143,4,3
138157,4,3
138163,2,2
138227,0,0
138230,3,1
138232,4,2
138247,4,1
138262,3,4
138267,4,2
138268,0,1
138277,0,1
138281,0,0
138282,4,3
138290,3,2
138302,1,0
138319,0,0
138320,1,0
138329,3,1
138332,4,3
138337,4,0
138343,0,0
138348,4,3
138351,1,1
138354,1,0
138365,3,0
138366,4,1
138375,2,1
138379,1,0
138380,4,0
138382,0,0
138383,4,3
138386,2,1
138387,3,1
138393,0,0
138396,3,2
138410,0,0
138415,1,0
138441,4,3
138447,4,1
138450,5,2
138454,2,1
138457,3,2
138458,3,0
138460,1,0
138465,3,2
138466,3,1
138475,3,0
138486,5,2
138487,0,1
138505,1,1
138507,1,1
138512,5,2
138514,1,1
138517,1,0
138519,2,2
138523,1,0
138524,2,0
138529,2,2
138540,4,3
138543,3,2
138545,4,3
138550,2,0
138554,0,1
138557,0,0
138560,4,1
138567,4,2
138568,0,0
138570,3,0
138571,1,0
138592,2,1
138597,4,3
138607,2,1
138608,3,1
138609,4,3
138610,2,2
138617,1,0
138618,4,3
138622,4,2
138623,0,0
138624,2,1
138634,1,1
138637,2,0
138643,3,2
138645,0,0
138648,4,1
138649,2,1
138650,4,2
138662,2,1
138666,0,0
138671,4,3
138673,2,1
138685,3,0
138686,3,2
138689,0,1
138692,2,1
138693,3,3
138721,0,0
138734,1,1
138753,0,0
138757,3,1
138763,4,3
138764,4,3
138787,4,3
138797,4,3
138798,4,1
138803,2,0
138810,2,1
138815,3,0
138816,3,1
138818,3,0
138821,4,3
138840,3,1
138842,3,0
138850,5,1
138863,3,1
138866,4,1
138870,4,3
138871,4,3
138880,2,0
138895,2,1
138904,1,1
138909,4,1
138911,0,0
138916,0,0
138928,4,3
138941,4,3
138947,2,3
138955,2,3
138958,2,0
138966,4,3
138977,2,1
138993,2,0
138994,0,0
138999,3,2
139003,2,1
139007,2,1
139018,0,0
139019,5,2
139022,2,2
139027,2,0
139031,2,1
139033,2,2
139038,0,0
139050,4,1
139058,1,2
139061,4,0
139062,1,1
139075,4,1
139080,1,2
139095,2,1
139096,4,2
139113,3,1
139123,0,0
139124,2,1
139141,1,0
139144,2,2
139145,4,3
139147,1,0
139155,4,1
139156,4,3
139157,1,0
139158,5,2
139163,4,2
139171,0,0
139174,1,1
139176,0,0
139177,2,1
139181,4,3
139187,2,1
139191,2,1
139196,3,0
139198,2,1
139202,4,3
139225,2,2
139244,2,2
139246,2,2
139250,2,1
139259,3,1
139264,0,0
139270,4,3
139274,0,0
139280,1,0
139289,0,0
139290,2,1
139292,3,1
139293,3,1
139299,2,1
139304,0,0
139306,2,1
139309,0,1
139333,3,2
139345,5,2
139366,1,1
139373,4,1
139379,4,1
139385,3,0
139395,4,3
139396,4,3
139401,0,0
139404,4,2
139407,4,3
139416,2,0
139429,2,1
139434,1,0
139443,2,0
139456,4,3
139457,0,0
139460,2,2
139462,3,1
139468,0,0
139469,4,3
139480,4,3
139482,0,0
139485,4,2
139498,1,1
139500,1,0
139505,2,1
139512,3,0
139513,4,0
139515,2,1
139516,4,3
139520,1,0
139535,1,0
139540,3,0
139563,0,0
139569,1,0
139577,1,0
139588,4,2
139606,2,1
139608,1,0
139614,2,1
139619,3,3
139624,3,2
139632,2,0
139644,0,0
139686,1,2
139689,1,0
139697,4,1
139710,0,0
139712,4,3
139754,3,1
139759,4,3
139762,3,1
139764,4,0
139770,3,1
139778,1,1
139783,0,1
139789,0,1
139798,3,1
139810,0,1
139815,2,1
139819,4,3
139825,5,2
139838,3,1
139865,2,2
139869,2,1
139884,1,1
139890,4,3
139895,0,0
139899,1,0
139907,0,0
139910,4,3
139913,1,0
139923,4,3
139937,0,1
139943,0,0
139953,1,0
139959,2,1
139970,4,0
139971,2,1
139976,1,1
139983,3,2
139987,4,3
139993,2,1
139998,2,1
140013,1,0
140015,4,3
140027,1,1
140034,2,0
140040,4,1
140062,2,0
140081,1,0
140097,2,1
140098,2,1
140101,4,1
140106,1,0
140110,2,1
140115,2,1
140117,0,0
140118,2,1
140125,0,0
140141,4,1
140142,1,2
140143,0,1
140144,4,4
140146,2,1
140147,2,1
140148,3,0
140150,4,3
140151,1,2
140159,4,3
140165,1,1
140168,4,3
140170,2,1
140188,3,0
140208,3,2
140213,3,0
140231,4,3
140241,3,2
140244,4,2
140246,1,0
140248,3,0
140250,1,3
140254,3,2
140264,0,0
140265,3,1
140269,3,1
140272,2,0
140274,4,3
140278,3,1
140294,4,1
140296,2,1
140304,4,3
140314,2,2
140323,1,1
140336,4,3
140341,2,1
140342,2,1
140353,4,2
140364,3,0
140366,4,3
140371,2,0
140372,3,2
140376,1,1
140379,2,0
140383,1,0
140384,3,1
140386,2,1
140390,5,1
140402,4,2
140407,4,3
140410,4,3
140413,2,0
140419,3,2
140442,4,3
140449,4,2
140461,4,3
140465,1,1
140468,2,0
140479,1,1
140486,4,3
140495,0,0
140504,2,1
140517,0,0
140518,4,3
140519,5,2
140522,2,1
140528,1,1
140530,4,1
140538,3,1
140539,4,3
140540,3,0
140545,4,3
140549,2,1
140558,3,1
140566,3,0
140569,4,1
140574,3,1
140575,4,0
140577,4,3
140580,4,3
140586,4,1
140593,0,1
140599,2,2
140621,0,1
140625,3,0
140626,4,3
140630,0,0
140645,2,0
140648,4,3
140657,3,1
140682,4,3
140690,0,0
140707,2,0
140739,4,1
140753,2,2
140758,3,1
140766,3,0
140770,0,0
140773,3,1
140777,1,0
140780,4,3
140792,4,1
140800,0,1
140805,3,2
140829,4,3
140832,5,2
140841,4,1
140842,4,3
140850,2,1
140852,3,1
140861,0,1
140875,2,0
140878,4,3
140884,1,0
140887,4,3
140892,4,3
140893,5,2
140897,0,0
140901,2,0
140905,3,1
140907,0,0
140916,2,1
140917,2,0
140933,1,1
140943,2,1
140946,1,1
140953,4,1
140966,1,0
140972,4,0
140975,3,3
140986,2,1
140989,2,1
140995,0,0
141001,2,0
141015,4,3
141019,3,2
141023,4,1
141033,5,2
141037,1,1
141041,4,2
141048,5,2
141050,0,0
141059,0,1
141063,1,1
141067,0,0
141073,0,0
141082,2,0
141085,1,1
141092,0,0
141095,4,3
141096,0,0
141103,5,2
141107,2,2
141116,2,1
141118,5,2
141123,1,1
141131,3,1
141148,3,1
141152,3,3
141161,2,1
141202,1,1
141203,2,1
141204,3,2
141205,2,0
141206,4,3
141207,0,0
141209,4,3
141212,1,0
141213,4,3
141217,4,0
141221,4,1
141226,0,0
141227,0,0
141233,4,3
141238,2,2
141239,2,0
141240,1,1
141241,1,0
141246,3,3
141272,2,0
141273,0,0
141280,1,1
141283,2,1
141294,5,2
141305,4,3
141338,4,3
141344,0,1
141346,4,1
141350,0,1
141361,0,1
141397,4,3
141401,3,0
141403,2,0
141406,4,1
141409,2,1
141418,1,3
141420,2,2
141421,3,3
141427,3,1
141431,3,0
141438,3,1
141452,2,1
141454,4,3
141455,0,1
141456,2,1
141457,1,1
141458,1,0
141497,4,3
141498,1,1
141517,2,1
141521,3,1
141523,3,0
141529,2,3
141534,4,1
141535,3,0
141537,1,0
141544,2,1
141546,2,3
141558,4,1
141561,4,1
141563,2,2
141567,1,1
141580,2,0
141581,4,3
141584,3,0
141592,0,0
141599,4,1
141612,3,1
141617,0,0
141624,4,2
141630,1,0
141634,1,0
141650,4,3
141652,4,3
141664,2,1
141665,2,0
141669,2,1
141670,3,3
141677,1,0
141678,5,2
141680,4,1
141683,0,0
141686,3,0
141688,1,1
141692,0,0
141693,2,0
141694,3,1
141695,3,1
141698,2,5
141706,1,0
141709,4,1
141724,1,0
141733,2,1
141755,4,1
141764,3,1
141768,2,2
141774,4,0
141784,1,0
141785,0,0
141788,4,3
141791,1,0
141801,1,0
141806,2,2
141807,4,3
141810,4,3
141812,4,3
141813,4,1
141816,3,1
141818,3,0
141829,2,1
141832,1,0
141851,0,0
141869,2,1
141878,4,1
141886,3,1
141888,2,0
141897,1,3
141923,1,1
141930,2,1
141932,3,2
141939,4,3
141949,4,3
141960,4,3
141969,4,3
141978,5,2
141991,3,1
141994,0,0
142001,4,3
142008,4,1
142017,4,3
142021,4,3
142027,4,3
142029,4,3
142033,4,2
142037,3,1
142038,1,1
142054,4,3
142076,3,2
142092,1,2
142098,4,1
142099,4,2
142108,1,1
142114,3,2
142117,2,3
142120,1,1
142124,3,1
142132,1,0
142142,1,0
142151,4,2
142153,4,1
142155,3,2
142156,4,3
142157,3,0
142168,1,0
142170,1,1
142171,1,0
142176,3,1
142182,3,4
142183,0,0
142198,0,0
142212,2,1
142215,4,1
142218,4,3
142219,2,0
142221,3,2
142223,3,2
142224,4,3
142229,4,3
142249,1,0
142264,0,2
142274,1,0
142275,2,1
142281,2,0
142293,2,1
142301,0,0
142318,1,1
142320,1,1
142324,2,0
142329,3,1
142331,2,1
142336,5,2
142351,4,1
142354,3,2
142355,3,1
142357,2,1
142358,0,0
142362,4,3
142363,4,3
142364,5,2
142367,3,1
142380,3,1
142386,4,2
142387,2,0
142389,4,3
142391,5,1
142392,1,0
142393,4,3
142414,5,2
142418,3,0
142422,3,1
142430,2,1
142454,4,1
142465,4,2
142473,4,1
142474,2,1
142475,0,0
142498,2,2
142507,4,1
142512,4,1
142516,0,2
142517,0,0
142518,0,0
142519,3,0
142528,1,0
142529,3,1
142550,4,1
142552,4,3
142554,4,2
142557,1,0
142579,3,0
142581,4,0
142582,2,1
142583,4,2
142584,2,1
142594,3,1
142596,4,3
142601,0,0
142609,2,1
142624,1,1
142639,0,1
142645,0,0
142647,4,3
142651,2,1
142655,4,3
142657,4,1
142663,3,0
142678,4,2
142680,3,1
142688,3,2
142694,2,0
142695,3,1
142701,1,1
142712,4,3
142720,4,1
142744,1,1
142754,3,1
142766,4,1
142777,5,2
142788,5,2
142795,2,1
142797,2,0
142808,3,4
142814,1,1
142820,0,0
142821,4,3
142822,3,2
142842,4,0
142850,2,1
142851,4,1
142852,3,1
142859,1,0
142860,0,0
142861,2,1
142862,1,0
142863,3,1
142864,0,0
142865,2,1
142866,0,0
142881,1,1
142884,1,0
142885,4,3
142899,0,0
142909,4,2
142915,2,2
142918,0,0
142924,2,0
142929,3,1
142937,1,0
142946,3,1
142960,3,1
142962,4,1
142966,1,0
142967,2,1
142975,4,3
142979,4,3
142991,2,0
142994,0,0
142995,4,3
142996,2,1
142998,1,1
142999,4,2
143005,0,1
143007,4,3
143009,2,2
143013,5,2
143023,1,0
143025,4,0
143039,3,4
143071,4,2
143086,5,2
143087,4,2
143093,0,0
143102,3,0
143109,0,0
143114,0,0
143118,2,1
143128,4,1
143132,4,3
143138,2,1
143241,0,0
143242,1,0
143256,0,1
143260,2,2
143263,4,1
143270,3,1
143286,4,3
143287,1,0
143288,2,2
143289,4,3
143294,2,1
143304,3,0
143310,1,1
143314,1,0
143317,3,0
143325,3,1
143335,3,1
143342,0,1
143344,0,0
143361,2,1
143363,2,1
143369,3,0
143372,1,1
143385,3,0
143392,4,2
143403,4,2
143413,4,3
143415,4,3
143417,2,2
143421,4,3
143422,1,2
143425,2,2
143446,4,0
143462,3,1
143463,1,1
143465,2,3
143466,4,3
143467,3,1
143469,1,0
143486,4,3
143495,3,2
143497,1,1
143518,2,5
143522,3,0
143523,4,3
143528,2,0
143529,2,1
143532,4,0
143540,0,0
143545,3,2
143550,1,1
143555,4,3
143556,2,0
143562,4,1
143567,3,0
143570,4,3
143575,0,0
143579,4,3
143584,1,0
143594,3,1
143601,1,1
143618,3,0
143620,2,0
143626,3,0
143631,4,1
143639,2,1
143650,1,1
143652,3,1
143654,2,1
143667,0,0
143685,2,0
143686,4,3
143689,3,4
143693,3,0
143699,4,3
143710,2,0
143718,1,1
143730,0,0
143732,0,0
143733,3,1
143738,4,3
143743,2,0
143745,1,0
143750,3,1
143752,1,1
143757,3,1
143760,2,0
143761,1,2
143768,4,2
143784,2,1
143788,0,1
143790,0,0
143792,2,1
143806,1,0
143812,2,1
143813,4,1
143829,4,3
143839,5,1
143857,3,2
143863,2,0
143868,0,1
143870,4,3
143872,4,2
143875,1,0
143880,2,0
143885,0,1
143889,4,1
143895,1,0
143902,3,2
143911,0,0
143918,5,2
143934,2,1
143938,4,2
143950,1,1
143953,0,1
143955,2,3
143974,0,0
143978,4,1
143989,3,1
143993,4,3
143994,2,1
143996,1,2
144005,1,1
144019,4,3
144034,1,2
144035,2,3
144036,2,1
144041,3,0
144054,4,1
144057,1,1
144063,1,4
144068,4,3
144069,1,0
144073,4,1
144077,0,0
144078,4,3
144082,1,0
144083,2,0
144085,1,2
144094,3,1
144095,4,3
144104,2,4
144118,2,1
144130,2,0
144145,0,0
144150,4,1
144163,4,3
144176,4,3
144179,0,0
144182,0,0
144196,3,1
144200,4,3
144203,4,3
144209,3,1
144210,1,0
144220,2,1
144229,4,1
144232,0,0
144237,4,3
144239,4,3
144244,1,1
144250,3,2
144255,3,1
144261,3,1
144263,0,1
144267,5,2
144275,1,1
144278,1,0
144284,0,0
144285,3,1
144286,0,0
144301,3,1
144304,0,1
144310,1,0
144329,2,1
144338,1,0
144349,3,1
144358,4,1
144362,4,3
144363,1,1
144365,2,1
144367,1,1
144369,3,2
144371,3,0
144374,4,3
144381,2,0
144382,4,3
144388,4,3
144398,1,1
144405,4,1
144414,4,1
144417,2,0
144430,2,0
144434,4,3
144445,1,0
144452,4,3
144455,4,2
144468,4,3
144470,3,1
144473,1,0
144478,3,0
144497,4,0
144501,4,1
144507,1,0
144527,5,2
144532,0,0
144555,1,1
144560,2,2
144566,1,1
144571,4,1
144588,4,3
144596,2,1
144599,4,3
144611,3,1
144614,3,1
144616,4,3
144627,1,2
144673,2,0
144677,4,3
144679,2,0
144685,2,2
144695,3,2
144698,2,1
144705,3,1
144714,5,2
144717,1,0
144736,0,0
144753,2,1
144772,4,3
144778,4,3
144780,2,0
144783,3,0
144808,1,1
144812,4,3
144815,0,0
144824,4,0
144825,3,1
144847,1,0
144879,4,3
144890,4,1
144900,0,0
144908,4,3
144914,3,1
144916,4,2
144926,0,0
144933,1,1
144953,2,1
144954,2,2
144967,4,3
144972,1,2
144974,0,0
144979,1,1
144988,2,1
144989,0,0
145006,0,0
145014,4,1
145020,4,3
145022,4,2
145023,1,0
145025,5,2
145028,4,3
145030,3,2
145033,0,0
145041,3,0
145051,1,3
145055,1,0
145060,0,0
145068,1,1
145074,3,2
145079,1,0
145103,2,0
145117,1,0
145118,2,3
145119,4,1
145120,4,1
145144,2,1
145151,4,3
145153,2,1
145165,3,1
145166,3,1
145171,4,1
145176,2,0
145177,3,1
145186,1,1
145197,2,1
145202,4,1
145209,3,1
145224,2,1
145271,2,1
145272,2,0
145278,4,3
145286,4,3
145293,3,1
145300,3,1
145301,0,0
145306,2,2
145313,0,0
145321,4,3
145323,1,0
145329,1,0
145343,2,1
145361,1,1
145370,4,3
145389,1,1
145397,5,2
145415,1,0
145416,1,1
145420,2,1
145433,0,0
145434,3,1
145439,0,0
145454,4,3
145462,0,0
145472,0,0
145478,2,1
145495,4,3
145496,4,3
145497,3,2
145503,4,0
145505,0,0
145506,2,0
145508,0,0
145513,4,2
145519,4,2
145522,2,0
145525,3,1
145536,3,0
145549,1,0
145562,4,2
145563,2,0
145568,3,1
145574,3,3
145577,2,0
145581,1,0
145583,4,3
145616,4,2
145617,4,2
145621,2,1
145625,3,0
145633,1,0
145640,1,1
145650,3,2
145654,4,3
145667,3,2
145678,4,3
145679,4,3
145687,2,0
145702,2,1
145710,2,0
145713,1,1
145716,4,3
145717,2,2
145721,4,3
145722,1,1
145724,3,3
145732,5,2
145746,3,2
145752,1,0
145763,3,3
145773,4,1
145776,2,1
145779,3,0
145781,4,3
145783,1,0
145785,1,1
145790,2,1
145792,2,0
145794,4,2
145796,2,1
145800,3,1
145803,2,1
145804,2,0
145813,0,0
145827,0,0
145837,1,1
145839,2,1
145854,4,3
145856,2,1
145876,3,2
145877,3,1
145882,1,1
145887,4,3
145888,2,1
145891,0,0
145896,3,1
145925,5,2
145934,4,1
145936,4,3
145944,1,0
145960,4,3
145961,3,1
145970,3,0
145976,4,3
145987,1,0
145989,2,1
145995,4,3
146001,1,0
146003,1,0
146004,3,1
146011,4,3
146039,2,1
146051,3,0
146056,4,1
146060,0,0
146066,0,0
146077,2,1
146091,4,3
146092,4,2
146101,3,3
146132,3,2
146133,4,1
146134,2,1
146143,3,1
146144,4,3
146162,4,0
146172,1,1
146182,1,1
146185,2,0
146187,4,3
146193,4,3
146199,5,2
146214,2,2
146219,3,0
146220,3,4
146223,4,1
146230,2,0
146243,0,0
146245,3,2
146260,2,1
146264,3,2
146267,1,1
146275,5,2
146310,4,3
146318,1,0
146319,4,3
146325,0,0
146338,3,2
146347,2,3
146353,4,3
146359,2,1
146368,3,0
146372,2,0
146378,3,2
146389,2,1
146396,3,1
146400,2,1
146407,2,2
146413,2,1
146414,4,3
146415,4,3
146416,3,2
146417,0,0
146422,3,2
146439,4,1
146466,0,0
146479,3,1
146488,0,0
146494,0,0
146552,3,1
146561,3,1
146568,0,0
146595,2,2
146600,1,1
146605,4,1
146607,2,5
146616,2,1
146634,2,2
146635,4,2
146639,2,1
146661,0,1
146662,1,0
146666,1,0
146683,3,2
146688,4,2
146694,4,1
146695,1,0
146713,0,0
146724,1,0
146740,3,2
146746,2,0
146749,2,1
146772,3,2
146782,4,3
146788,4,1
146799,2,0
146806,2,0
146810,3,0
146816,4,1
146819,3,0
146857,3,0
146860,1,1
146865,3,0
146868,3,1
146876,4,3
146883,5,2
146899,2,1
146901,2,1
146916,3,0
146926,5,2
146945,1,0
146955,3,3
147000,2,1
147004,0,0
147015,3,0
147017,1,0
147022,3,1
147023,1,1
147034,4,0
147040,0,0
147044,2,1
147049,3,1
147066,4,3
147068,4,1
147088,4,3
147099,4,1
147101,4,1
147111,3,1
147112,2,0
147122,1,0
147134,3,1
147138,4,0
147139,0,0
147143,4,3
147144,3,1
147155,1,2
147160,0,0
147180,1,1
147188,2,1
147213,4,2
147223,4,2
147231,4,2
147232,1,1
147238,4,3
147278,2,1
147284,0,0
147290,4,1
147291,0,0
147297,4,3
147299,3,2
147309,1,0
147330,3,0
147335,1,0
147353,2,1
147361,4,2
147366,2,0
147372,1,1
147377,3,2
147380,3,2
147413,2,1
147421,4,3
147430,2,1
147433,1,5
147434,0,0
147436,3,1
147448,2,1
147449,2,1
147462,5,2
147466,1,0
147470,1,0
147471,1,0
147478,0,2
147506,1,0
147508,2,1
147518,4,2
147532,0,1
147539,4,3
147544,5,2
147547,5,2
147550,4,3
147555,2,2
147563,4,3
147569,4,3
147572,3,2
147574,3,2
147591,0,0
147595,4,3
147615,0,0
147626,4,3
147641,0,0
147643,1,0
147648,2,0
147654,4,0
147689,4,3
147717,2,0
147719,3,0
147724,2,2
147743,3,1
147752,4,1
147773,4,1
147776,3,2
147777,1,0
147786,4,3
147792,2,1
147802,4,1
147821,2,0
147823,1,0
147837,4,2
147853,0,0
147854,0,0
147874,1,2
147898,3,1
147901,4,3
147903,2,1
147910,2,0
147913,2,0
147919,4,3
147920,2,1
147931,3,1
147945,4,3
147959,4,3
147984,4,3
147988,1,1
147995,3,0
148002,4,3
148014,1,0
148016,4,3
148043,2,0
148056,2,2
148061,4,3
148062,5,2
148064,4,1
148074,1,0
148107,1,1
148122,3,1
148123,1,0
148126,4,2
148129,2,2
148135,0,0
148136,3,1
148153,4,1
148180,4,1
148198,3,0
