90001,2,1
90017,0,0
90028,3,2
90032,2,0
90035,1,1
90051,2,1
90070,2,1
90078,0,0
90079,2,1
90083,1,0
90087,3,1
90089,4,3
90091,3,1
90092,2,0
90093,2,1
90113,3,4
90116,1,1
90132,0,0
90142,3,0
90144,2,0
90149,0,0
90154,2,2
90155,2,2
90162,0,1
90171,0,0
90174,3,1
90175,2,0
90192,2,0
90204,2,1
90206,2,1
90209,2,3
90212,2,0
90213,2,1
90219,1,0
90223,4,0
90224,2,3
90230,1,1
90236,1,0
90247,2,1
90252,3,1
90254,2,1
90256,2,2
90258,0,0
90260,1,1
90275,2,1
90279,3,2
90280,2,0
90290,3,2
90294,2,0
90299,0,0
90320,0,1
90322,3,1
90329,3,3
90335,2,0
90350,0,0
90352,0,0
90359,2,2
90368,2,1
90386,2,1
90388,2,1
90401,2,1
90403,4,0
90407,2,1
90410,0,0
90416,2,2
90417,2,1
90423,2,1
90432,2,0
90436,0,0
90444,2,1
90450,6,1
90468,3,1
90470,3,2
90472,0,1
90486,2,1
90487,4,0
90498,2,0
90503,0,0
90515,2,1
90516,2,0
90525,2,2
90538,4,1
90548,3,4
90549,2,2
90560,1,3
90561,3,4
90573,2,0
90576,2,1
90580,2,1
90581,2,1
90583,2,1
90587,0,0
90593,2,1
90595,4,3
90600,0,0
90605,3,1
90611,1,1
90613,2,0
90619,2,1
90622,2,3
90623,3,0
90626,2,1
90627,2,0
90646,3,2
90652,2,2
90657,2,0
90673,2,1
90681,2,2
90682,2,1
90686,5,2
90696,1,0
90697,0,0
90703,2,1
90707,2,1
90721,1,1
90723,3,4
90725,4,1
90729,2,1
90738,4,3
90739,2,1
90748,2,3
90756,2,1
90766,2,1
90767,2,1
90774,2,1
90785,1,0
90788,2,3
90789,2,0
90812,2,1
90816,0,0
90820,2,1
90826,2,1
90833,2,1
90845,2,1
90857,4,2
90861,2,1
90864,0,0
90873,5,1
90879,3,1
90882,1,1
90886,2,2
90897,3,2
90901,2,1
90902,2,1
90911,2,2
90914,2,2
90931,1,0
90934,0,0
90939,1,0
90946,4,1
90954,0,0
90958,2,3
90969,2,2
90977,2,1
90987,1,0
90995,2,1
90998,2,1
91003,2,1
91020,2,2
91043,2,1
91050,2,0
91060,2,0
91062,2,2
91071,2,1
91076,2,1
91079,2,1
91080,2,1
91050,2,0
91060,2,0
91062,2,2
91071,2,1
91076,2,1
91079,2,1
91080,2,1
91082,2,0
91083,2,1
91099,2,1
91114,2,2
91136,2,1
91138,2,1
91139,2,2
91143,0,0
91164,4,2
91170,1,0
91171,4,0
91172,0,0
91173,2,0
91185,3,4
91189,3,4
91192,2,0
91199,4,3
91204,2,1
91210,0,0
91217,2,1
91218,2,1
91222,2,0
91223,2,1
91226,2,1
91228,2,0
91236,2,1
91245,2,2
91261,2,0
91267,2,0
91270,3,0
91275,4,3
91276,2,1
91278,2,0
91288,0,0
91293,5,2
91294,2,2
91295,2,1
91297,4,3
91305,2,0
91314,0,2
91316,2,1
91317,1,0
91329,1,1
91338,2,0
91342,0,1
91345,3,3
91358,2,0
91361,2,1
91377,1,1
91380,2,1
91386,0,0
91387,4,3
91391,3,0
91399,0,0
91417,2,1
91418,2,2
91421,2,1
91432,2,1
91436,2,2
91438,2,2
91439,2,0
91450,2,1
91459,4,3
91461,3,1
91467,4,1
91473,2,0
91475,2,1
91478,2,1
91480,2,1
91487,4,0
91489,4,1
91501,2,2
91512,2,0
91513,2,0
91516,0,0
91519,2,1
91527,3,3
91533,0,0
91549,2,0
91559,5,2
91562,0,0
91565,2,0
91569,3,1
91577,3,1
91600,2,2
91607,2,1
91621,2,1
91630,2,1
91631,5,2
91632,0,1
91636,0,1
91640,2,0
91641,2,1
91647,3,2
91648,3,2
91653,2,3
91654,3,4
91673,3,4
91677,0,1
91680,2,0
91682,0,0
91688,0,0
91690,4,3
91705,2,1
91706,2,2
91710,2,2
91711,2,1
91717,1,0
91722,1,0
91740,2,1
91744,3,0
91745,2,1
91748,2,1
91749,2,1
91761,1,0
91762,2,1
91772,0,0
91774,3,1
91791,1,1
91793,0,1
91800,5,2
91803,5,2
91804,0,2
91806,2,2
91825,4,1
91830,2,2
91833,2,1
91835,2,0
91852,3,2
91854,2,2
91867,0,0
91872,2,1
91883,2,2
91884,0,0
91890,2,3
91897,1,1
91908,0,0
91909,1,0
91910,2,1
91913,2,2
91914,2,0
91921,2,0
91922,0,0
91925,3,0
91926,2,0
91927,0,0
91941,2,2
91945,0,1
91946,2,2
91947,2,0
91950,3,4
91957,2,1
91971,6,1
91972,2,1
91973,2,1
91974,0,0
91975,0,0
91984,2,1
91991,2,1
92001,2,1
92002,2,1
92024,2,0
92032,2,1
92039,3,0
92050,0,1
92053,2,3
92071,0,0
92095,2,1
92101,3,4
92102,1,1
92111,0,1
92122,2,1
92136,2,1
92138,2,1
92145,2,1
92147,0,0
92156,1,1
92160,2,1
92167,2,2
92168,2,3
92174,4,2
92176,2,0
92178,2,0
92183,2,2
92188,2,0
92196,2,0
92197,1,0
92207,2,0
92217,5,2
92225,3,0
92235,2,2
92237,2,2
92248,1,2
92259,4,3
92263,2,1
92265,0,0
92267,2,1
92272,2,1
92273,0,0
92284,2,1
92285,2,1
92291,2,1
92298,1,0
92303,3,2
92306,2,0
92309,3,1
92314,2,1
92317,1,0
92329,3,4
92330,2,0
92331,1,3
92332,2,1
92336,2,1
92347,2,1
92349,2,2
92351,2,0
92355,3,4
92356,3,0
92368,2,1
92370,6,1
92376,2,1
92379,3,2
92380,4,0
92388,2,0
92389,3,1
92400,3,2
92402,2,1
92403,2,0
92406,2,1
92409,1,1
92414,2,2
92420,3,4
92421,2,0
92433,0,0
92439,1,2
92441,1,2
92450,2,1
92452,2,1
92459,1,0
92460,2,0
92466,2,1
92470,2,2
92475,2,0
92476,1,0
92480,5,2
92491,2,0
92505,2,1
92506,1,0
92525,4,3
92531,2,1
92533,2,1
92549,4,0
92557,2,1
92558,3,4
92562,0,0
92569,2,1
92588,4,3
92592,2,1
92595,2,1
92598,2,0
92605,2,0
92611,4,0
92616,2,0
92625,3,0
92626,3,4
92641,0,0
92645,1,1
92654,0,0
92666,2,2
92668,2,1
92673,2,1
92693,2,0
92704,5,2
92709,2,0
92713,2,1
92733,2,0
92735,2,0
92745,3,1
92746,3,3
92749,4,2
92751,2,2
92765,2,1
92776,2,1
92797,1,0
92805,1,0
92811,0,0
92825,2,2
92829,3,3
92839,2,1
92845,5,2
92847,2,1
92851,2,1
92859,2,1
92860,3,2
92865,3,3
92884,2,1
92899,2,2
92901,2,1
92902,1,0
92906,2,0
92911,0,1
92916,0,0
92920,2,2
92926,5,2
92939,1,0
92940,2,0
92944,5,2
92952,2,0
92956,3,4
92958,2,0
92968,0,0
92974,2,1
93001,0,0
93002,2,1
93011,2,1
93013,2,3
93019,2,1
93021,2,0
93040,2,2
93055,2,1
93058,2,1
93059,2,2
93067,2,0
93077,2,1
93079,1,0
93082,2,2
93085,0,0
93094,3,1
93102,3,3
93103,1,1
93108,0,2
93120,2,0
93131,1,0
93137,2,0
93148,2,1
93159,4,2
93174,1,1
93177,2,0
93186,2,1
93203,2,2
93206,2,1
93213,3,1
93214,4,0
93219,2,0
93228,2,0
93231,5,2
93236,2,1
93243,3,1
93250,2,0
93251,2,0
93256,0,1
93269,0,0
93279,0,0
93282,1,0
93287,2,0
93297,2,1
93299,3,1
93305,2,2
93307,4,3
93314,6,1
93317,3,0
93318,2,2
93320,2,1
93323,0,1
93326,3,0
93341,0,0
93342,0,0
93355,3,0
93369,6,2
93384,0,0
93394,0,0
93396,2,1
93408,2,0
93420,2,1
93426,2,3
93443,2,1
93452,2,2
93456,2,0
93468,3,1
93470,5,2
93474,2,0
93476,2,2
93482,3,4
93484,2,1
93485,0,0
93495,2,0
93514,0,0
93531,5,2
93537,1,1
93538,2,1
93556,1,0
93557,2,0
93573,2,0
93579,4,3
93589,2,1
93593,2,0
93596,2,1
93600,2,2
93610,2,0
93616,1,0
93626,2,0
93631,1,0
93633,2,2
93637,0,0
93638,2,2
93641,2,0
93657,2,1
93661,0,1
93662,2,2
93667,2,0
93669,2,1
93671,2,1
93672,0,0
93678,2,0
93679,3,1
93682,1,1
93685,2,1
93686,2,0
93689,3,1
93690,2,0
93693,0,0
93698,3,1
93706,2,1
93707,2,1
93710,3,1
93715,1,0
93721,2,0
93722,2,1
93729,0,1
93739,2,0
93749,2,2
93758,3,4
93761,0,0
93764,2,1
93774,2,1
93784,4,2
93791,0,0
93794,0,0
93795,1,1
93802,2,0
93813,2,1
93817,0,0
93833,2,0
93834,1,1
93840,2,2
93851,2,2
93858,2,1
93868,3,1
93871,2,2
93877,0,0
93886,2,1
93895,2,0
93903,2,1
93908,2,1
93914,2,1
93920,2,1
93925,0,0
93926,0,0
93927,2,1
93942,2,1
93951,2,0
93953,2,1
93955,2,1
93960,2,0
93963,2,1
93968,2,0
93971,2,1
93978,0,0
93980,1,0
93987,2,1
93991,2,1
93999,2,1
94002,2,0
94009,0,0
94012,3,3
94024,2,2
94028,2,1
94042,2,2
94044,3,1
94048,3,3
94053,2,0
94060,2,0
94062,2,2
94088,1,0
94089,3,1
94091,2,2
94095,2,1
94099,4,3
94105,2,0
94118,0,0
94122,2,1
94130,2,2
94140,2,0
94148,2,1
94157,2,1
94158,2,2
94161,2,2
94163,3,0
94186,2,1
94201,2,2
94212,4,3
94218,2,0
94233,4,3
94238,2,1
94239,3,1
94250,2,2
94257,2,2
94261,3,4
94273,2,1
94293,2,2
94301,2,0
94324,1,1
94325,2,3
94332,2,0
94364,0,0
94368,2,1
94381,2,0
94394,2,1
94402,2,1
94413,2,3
94414,1,0
94428,3,4
94452,0,0
94457,0,0
94462,0,0
94464,2,1
94468,3,4
94477,2,1
94486,2,0
94490,0,0
94491,3,4
94498,3,2
94514,2,0
94522,2,1
94526,2,0
94540,2,0
94561,2,0
94585,0,0
94586,2,0
94587,2,1
94588,3,1
94604,0,0
94619,2,0
94622,4,1
94627,2,0
94641,2,1
94646,2,0
94647,1,0
94648,4,1
94652,2,1
94689,2,0
94695,2,1
94699,1,0
94702,0,1
94704,2,1
94708,1,0
94714,3,1
94721,1,0
94725,2,0
94735,1,0
94739,2,1
94741,3,1
94742,2,2
94755,2,0
94756,3,2
94761,2,2
94769,2,1
94770,0,0
94771,3,4
94773,2,1
94782,2,0
94786,0,1
94830,0,1
94831,1,0
94832,2,1
94833,2,1
94834,3,0
94836,1,0
94842,2,1
94843,5,2
94847,2,1
94849,3,4
94864,2,1
94875,3,2
94881,2,1
94883,2,0
94887,2,2
94893,2,1
94903,3,2
94912,2,1
94914,6,1
94936,2,2
94946,2,1
94952,2,1
94957,3,1
94960,2,1
94986,4,3
94988,2,0
94991,2,1
94997,1,0
95001,2,1
95008,2,1
95010,2,0
95011,2,1
95016,2,0
95026,2,1
95041,0,0
95061,2,1
95063,2,1
95080,1,0
95085,2,1
95094,3,1
95099,2,2
95104,3,1
95111,0,0
95112,3,3
95119,2,1
95121,0,0
95137,0,1
95142,2,2
95144,3,3
95161,2,1
95219,2,1
95224,0,0
95227,2,1
95233,2,1
95241,0,0
95244,0,1
95246,3,4
95252,2,1
95269,2,1
95271,3,1
95273,2,0
95277,4,1
95282,2,0
95284,1,0
95286,1,1
95288,1,0
95320,2,1
95335,0,0
95336,2,2
95349,3,2
95356,4,3
95358,2,0
95359,2,0
95389,2,1
95403,1,0
95410,2,2
95413,2,1
95431,2,0
95437,4,3
95443,2,2
95447,2,1
95451,2,1
95470,2,0
95484,3,3
95487,0,0
95504,2,1
95512,2,1
95519,2,1
95529,0,0
95536,2,2
95542,2,1
95552,3,0
95556,2,0
95563,2,0
95567,2,0
95576,0,0
95585,2,1
95611,2,1
95614,2,0
95615,2,1
95616,3,4
95628,2,1
95645,0,0
95648,1,2
95672,2,1
95674,5,2
95678,1,0
95681,2,1
95696,2,0
95697,2,0
95703,2,0
95717,1,0
95718,2,1
95735,2,2
95744,0,0
95756,2,2
95760,2,0
95766,6,1
95769,2,0
95777,2,1
95785,1,1
95793,2,0
95816,2,1
95820,5,2
95827,1,0
95828,1,0
95852,0,0
95859,2,1
95870,2,2
95872,2,1
95889,2,1
95891,3,1
95904,2,1
95918,3,0
95919,2,1
95921,2,1
95922,0,0
95945,2,0
95959,1,0
95963,1,1
95977,3,4
95987,2,2
95994,2,1
96001,2,1
96002,2,0
96006,2,0
96027,2,2
96035,0,0
96047,2,1
96053,0,1
96059,2,1
96062,2,1
96078,1,1
96088,1,0
96109,4,3
96112,1,0
96113,4,3
96120,2,0
96122,2,0
96125,4,3
96128,2,1
96156,2,1
96160,2,1
96167,1,0
96221,0,0
96243,0,0
96260,3,1
96264,2,1
96274,3,2
96275,2,0
96277,2,0
96278,2,2
96283,0,0
96285,5,2
96298,0,0
96304,2,1
96312,3,1
96314,2,3
96317,2,0
96332,3,4
96354,2,1
96367,2,2
96381,2,1
96383,2,0
96393,2,0
96394,2,2
96396,2,0
96400,2,0
96404,2,1
96411,3,1
96413,3,0
96422,3,4
96437,3,3
96438,2,1
96441,0,0
96447,2,1
96451,2,1
96455,1,1
96465,2,2
96467,0,1
96470,4,2
96479,1,1
96489,2,1
96491,2,3
96492,1,0
96493,2,0
96495,1,0
96496,0,1
96507,6,1
96515,2,0
96531,2,1
96553,2,1
96554,2,0
96566,2,1
96573,2,2
96584,5,2
96588,4,1
96596,2,1
96607,2,0
96611,1,0
96616,3,4
96624,1,0
96649,2,2
96651,2,1
96653,2,2
96661,1,0
96662,1,0
96670,2,2
96674,3,1
96675,5,2
96683,2,1
96698,2,1
96701,0,0
96716,2,3
96727,2,0
96735,2,0
96763,2,1
96766,1,1
96779,0,0
96783,2,1
96793,1,1
96794,0,0
96801,0,0
96806,2,1
96809,3,1
96816,3,1
96819,3,2
96821,0,0
96831,2,1
96834,2,0
96844,2,1
96866,2,2
96870,2,0
96877,2,0
96888,2,0
96890,0,0
96892,2,1
96898,2,2
96901,5,2
96904,1,0
96907,2,0
96912,3,1
96915,2,0
96927,2,0
96935,2,0
96939,3,2
96942,2,1
96951,0,0
96963,2,1
96969,3,4
96991,2,1
96997,0,1
97002,3,1
97004,0,0
97005,3,2
97006,2,0
97007,4,1
97022,2,0
97023,0,0
97033,3,2
97074,0,0
97076,2,1
97078,1,0
97082,2,1
97086,3,2
97091,3,3
97096,2,1
97098,2,2
97099,2,1
97102,2,1
97108,3,4
97112,2,2
97128,2,0
97136,2,1
97137,4,1
97141,2,1
97151,2,1
97160,3,1
97162,5,2
97168,2,2
97172,3,0
97176,2,1
97192,3,3
97201,0,1
97216,0,0
97227,3,1
97231,2,1
97234,2,1
97237,4,3
97243,1,1
97248,2,1
97255,2,0
97258,3,2
97260,4,3
97271,1,0
97276,2,1
97316,3,0
97322,0,0
97337,2,1
97343,0,2
97346,2,1
97357,3,1
97368,3,2
97371,2,1
97381,3,0
97394,2,2
97400,2,1
97403,2,2
97416,0,0
97420,3,1
97425,2,1
97427,5,2
97431,3,1
97434,1,0
97449,3,2
97452,3,4
97456,2,1
97470,2,1
97481,2,0
97485,2,2
97488,1,0
97494,3,1
97497,1,0
97499,1,0
97504,0,1
97518,1,0
97569,2,0
97571,0,0
97572,2,1
97583,2,1
97592,3,1
97596,2,1
97626,2,2
97629,0,1
97631,2,2
97645,1,0
97679,0,0
97681,1,0
97683,2,1
97715,2,2
97718,2,1
97719,0,0
97723,2,1
97724,2,3
97741,1,0
97749,2,0
97762,2,1
97764,3,2
97765,2,0
97769,2,1
97792,2,1
97804,2,1
97838,3,2
97858,2,0
97860,2,0
97880,2,3
97886,0,0
97895,2,1
97899,3,4
97917,2,3
97921,2,4
97925,2,0
97926,2,2
97931,2,0
97935,2,1
97938,2,1
97947,2,1
97952,3,1
97984,2,1
97988,4,2
98004,2,1
98021,2,0
98034,4,2
98036,2,1
98055,0,1
98075,2,2
98086,6,1
98087,2,0
98088,2,2
98109,2,1
98110,2,2
98125,0,0
98161,3,0
98166,0,0
98168,1,1
98170,2,1
98202,2,1
98204,1,0
98225,2,1
98235,2,1
98236,2,0
98237,2,0
98239,1,0
98242,3,1
98243,4,3
98257,0,0
98261,2,2
98277,2,1
98286,2,1
98288,2,1
98289,0,0
98303,0,0
98320,4,3
98331,2,0
98336,2,1
98362,1,0
98382,2,0
98386,4,3
98387,1,0
98391,0,0
98396,2,2
98398,2,2
98411,2,0
98416,2,0
98426,3,2
98427,2,1
98428,3,3
98431,2,1
98447,3,1
98449,2,0
98488,2,1
98489,1,0
98499,0,0
98505,2,1
98510,2,2
98514,0,0
98516,2,1
98518,2,1
98520,2,3
98524,5,1
98526,0,0
98527,0,0
98552,2,3
98554,2,0
98558,2,0
98591,2,0
98598,0,0
98600,3,4
98605,3,2
98606,1,0
98609,2,1
98611,2,1
98619,3,2
98623,2,0
98636,2,1
98637,3,4
98648,2,0
98652,2,1
98674,3,1
98694,2,1
98705,3,1
98707,3,2
98711,2,1
98717,2,1
98724,3,1
98725,3,2
98733,4,2
98755,3,2
98768,4,1
98780,2,3
98782,2,0
98785,2,2
98793,2,1
98814,5,2
98819,0,0
98828,3,2
98846,3,1
98854,2,0
98867,2,0
98881,0,0
98896,2,1
98911,3,1
98914,2,1
98932,0,1
98935,2,2
98942,2,1
98944,3,1
98945,2,0
98946,0,0
98947,2,1
98958,2,2
98961,3,0
98969,2,1
98970,2,1
98974,3,1
98987,3,4
98993,3,2
98994,2,0
98998,2,3
99001,2,0
99015,2,1
99030,2,1
99039,3,2
99053,2,1
99062,2,1
99072,2,1
99074,0,0
99083,4,1
99088,2,2
99090,1,0
99100,2,0
99103,2,1
99112,2,1
99117,2,1
99126,2,1
99135,2,0
99137,2,1
99143,2,1
99159,2,1
99169,3,2
99187,2,2
99192,2,0
99195,2,2
99198,0,0
99204,2,0
99205,2,1
99219,0,0
99230,1,0
99237,1,0
99249,2,2
99259,2,0
99265,3,4
99266,2,1
99277,2,1
99278,2,2
99285,0,0
99305,1,0
99307,3,4
99326,0,0
99332,1,1
99335,0,0
99349,3,0
99352,2,2
99354,1,0
99367,0,0
99369,2,1
99382,0,0
99401,2,0
99421,2,0
99422,2,0
99432,2,2
99437,0,2
99438,2,0
99446,2,1
99451,4,3
99459,2,2
99464,2,1
99465,3,2
99467,2,0
99473,2,1
99486,2,0
99501,3,2
99532,1,0
99536,2,1
99538,2,0
99542,3,1
99546,1,0
99549,3,2
99552,2,1
99556,3,4
99560,3,2
99572,2,0
99593,3,4
99594,2,1
99607,2,1
99609,2,2
99615,3,4
99620,2,0
99624,2,0
99633,4,3
99635,2,1
99647,1,0
99649,3,4
99652,3,2
99658,3,3
99663,2,0
99692,2,2
99696,2,0
99706,3,2
99707,2,1
99719,2,0
99723,2,0
99738,0,0
99740,2,1
99750,0,0
99755,3,4
99761,2,1
99764,3,2
99768,2,1
99790,2,1
99795,2,1
99796,0,0
99808,2,1
99815,2,1
99821,3,0
99832,5,2
99845,0,1
99851,3,4
99862,2,1
99865,2,0
99873,2,1
99877,1,0
99879,2,1
99884,2,2
99887,3,0
99891,0,0
99897,0,0
99905,3,2
99911,1,0
99915,2,1
99920,3,4
99923,0,0
99931,2,0
99934,0,0
99941,2,1
99943,2,0
99948,3,1
99950,2,0
99951,2,2
99957,2,0
99958,2,0
99965,2,3
99968,4,3
99980,2,1
99984,2,0
99987,2,0
100026,3,1
100033,1,0
100048,1,0
100052,2,2
100068,2,2
100070,0,0
100087,2,0
100088,2,0
100090,2,0
100094,0,0
100095,2,1
100109,1,0
100116,0,0
100120,2,0
100123,2,1
100137,2,1
100140,2,0
100158,2,1
100161,2,1
100175,2,1
100181,2,0
100182,2,2
100188,3,1
100196,1,2
100212,1,0
100213,2,1
100239,2,1
100257,2,0
100263,1,0
100274,2,1
100278,2,0
100281,2,0
100290,2,3
100295,3,4
100296,2,0
100297,2,2
100303,2,0
100305,2,0
100336,2,0
100342,4,3
100357,5,2
100369,2,0
100372,2,1
100373,1,0
100376,2,3
100384,0,1
100390,1,0
100399,0,0
100401,3,4
100406,1,0
100417,0,0
100423,2,1
100443,3,1
100458,4,0
100462,4,1
100480,3,1
100482,3,2
100484,2,1
100493,3,2
100495,2,0
100504,3,4
100507,0,0
100508,2,0
100519,2,1
100527,2,1
100528,2,1
100533,2,2
100541,1,0
100543,2,3
100545,2,1
100552,2,1
100568,2,0
100587,2,4
100595,2,3
100596,2,1
100599,2,0
100602,1,0
100603,2,0
100609,1,2
100612,2,1
100620,2,0
100624,4,2
100627,2,0
100635,0,0
100639,2,0
100642,2,2
100652,2,2
100655,0,0
100656,0,0
100662,2,0
100664,2,1
100669,2,0
100671,3,1
100672,2,1
100678,2,1
100680,2,0
100688,2,0
100690,3,0
100692,0,0
100701,3,1
100705,2,0
100709,3,0
100714,2,2
100721,2,1
100733,1,0
100738,3,1
100741,2,0
100742,2,0
100747,1,0
100765,2,3
100769,2,1
100772,3,1
100773,2,0
100776,2,1
100779,0,0
100786,2,1
100798,0,0
100803,3,1
100811,2,0
100814,2,2
100815,0,0
100820,2,0
100827,2,0
100829,1,0
100830,2,2
100840,2,0
100848,2,2
100857,4,3
100858,2,1
100867,2,0
100877,3,2
100884,2,2
100888,3,4
100889,2,1
100890,2,1
100891,2,0
100909,2,0
100919,2,0
100922,2,1
100925,2,1
100928,2,1
100934,2,1
100935,2,2
100943,2,1
100959,3,1
100961,2,0
100962,2,1
100966,2,0
100970,2,1
100975,2,0
100978,2,1
100998,4,3
100999,2,1
101002,2,1
101005,2,2
101015,3,2
101023,2,2
101026,3,1
101033,2,0
101034,2,2
101036,3,3
101043,5,2
101050,2,2
101055,4,3
101058,3,0
101077,2,0
101084,0,1
101088,3,4
101090,3,1
101111,2,0
101114,1,0
101120,2,2
101134,2,2
101137,0,0
101142,2,2
101149,6,1
101151,2,0
101156,1,0
101169,2,0
101176,1,1
101177,2,1
101192,1,1
101196,2,2
101209,2,0
101221,2,1
101224,3,4
101229,3,1
101231,5,2
101241,2,1
101250,3,4
101255,2,1
101256,3,1
101259,3,2
101263,3,1
101268,2,2
101269,2,1
101270,2,0
101271,4,3
101272,2,1
101273,2,1
101283,0,1
101287,0,0
101290,0,0
101309,2,0
101316,2,0
101318,2,1
101321,3,2
101323,2,1
101324,0,0
101325,4,0
101327,2,1
101328,3,4
101337,3,1
101351,1,1
101355,0,0
101356,0,1
101359,3,1
101371,2,1
101381,0,0
101382,2,1
101390,2,1
101402,0,0
101423,2,1
101425,2,1
101443,2,1
101447,3,2
101451,1,0
101463,2,1
101465,4,3
101470,3,1
101474,0,0
101477,2,0
101479,3,2
101481,1,3
101490,2,0
101510,1,2
101511,2,1
101513,4,3
101521,2,0
101534,0,0
101540,2,1
101542,2,3
101548,0,0
101549,2,1
101557,4,1
101558,4,3
101568,2,0
101573,2,0
101574,1,0
101585,2,2
101587,3,1
101588,2,1
101593,2,0
101595,2,1
101607,2,2
101618,2,1
101626,2,1
101627,1,0
101630,2,0
101637,2,0
101640,2,1
101649,1,1
101658,0,0
101659,2,1
101660,2,1
101667,2,0
101674,1,0
101675,2,0
101686,2,1
101687,2,1
101743,2,0
101763,5,2
101765,2,0
101766,3,4
101782,2,1
101783,1,0
101784,2,1
101787,2,1
101790,2,2
101792,3,1
101794,2,2
101798,3,0
101807,2,0
101819,2,1
101842,2,0
101846,1,0
101849,2,2
101854,2,1
101857,2,1
101865,2,3
101870,0,0
101874,2,2
101891,1,0
101902,2,0
101905,0,0
101913,3,3
101914,3,4
101919,2,1
101925,2,2
101926,3,1
101933,4,3
101937,0,0
101941,0,0
101957,0,0
101968,3,3
101970,2,0
101971,2,0
101991,4,3
101995,2,1
101997,5,2
101999,2,1
102001,0,0
102004,2,0
102007,1,0
102012,2,0
102013,2,0
102032,2,1
102034,5,2
102041,2,1
102047,2,1
102056,2,3
102058,0,1
102074,3,1
102078,2,3
102086,2,1
102111,1,1
102114,2,1
102117,2,0
102123,3,1
102137,0,0
102140,3,1
102143,2,0
102144,2,0
102145,4,2
102146,2,2
102153,3,0
102156,2,1
102181,0,0
102186,1,0
102192,2,3
102195,6,1
102196,2,0
102202,2,3
102204,1,0
102209,2,2
102214,3,1
102215,0,0
102216,2,1
102219,2,0
102233,2,2
102234,2,0
102249,1,0
102256,2,1
102259,2,1
102260,5,2
102264,1,1
102283,2,2
102285,3,4
102286,2,0
102288,2,1
102294,2,0
102295,2,1
102307,2,1
102321,4,2
102332,2,0
102334,1,0
102337,3,2
102346,4,1
102348,2,1
102369,2,2
102376,3,3
102379,2,1
102381,1,0
102394,2,2
102403,3,1
102409,2,1
102415,2,2
102424,3,4
102425,4,3
102430,0,0
102435,2,1
102436,2,0
102439,0,1
102442,2,2
102457,0,0
102477,2,0
102494,0,0
102495,1,0
102496,3,1
102509,1,0
102520,0,0
102533,3,0
102540,1,0
102545,2,1
102551,0,0
102559,3,4
102563,2,0
102580,2,1
102590,2,1
102601,2,0
102610,0,0
102623,2,0
102634,3,1
102638,1,0
102639,2,0
102641,3,2
102650,2,1
102654,3,0
102679,2,1
102689,0,0
102694,2,1
102696,2,0
102698,2,0
102704,3,2
102705,2,1
102709,3,1
102719,0,0
102722,3,1
102727,2,0
102742,2,1
102745,1,0
102748,2,2
102750,2,1
102753,2,0
102754,2,0
102755,3,1
102759,0,0
102760,3,2
102767,4,3
102771,0,0
102786,2,1
102797,2,1
102806,2,2
102807,2,1
102822,3,1
102826,2,3
102835,2,1
102839,2,2
102843,1,0
102844,2,2
102852,2,1
102853,2,0
102864,0,0
102881,2,1
102882,2,0
102884,2,0
102885,2,1
102895,0,1
102897,2,2
102900,2,2
102905,1,1
102914,2,1
102916,2,1
102930,2,1
102932,0,1
102940,1,0
102948,2,0
102950,5,2
102956,2,1
102974,2,0
102991,1,1
103003,2,2
103012,2,3
103018,2,2
103020,2,1
103021,2,1
103023,2,1
103032,3,2
103036,2,1
103038,2,1
103059,2,0
103069,1,0
103080,3,3
103096,0,0
103101,2,0
103106,0,0
103110,1,0
103111,2,0
103122,1,0
103127,2,2
103128,4,3
103131,2,1
103132,2,0
103133,0,1
103135,3,0
103141,3,1
103142,2,2
103148,2,2
103169,1,0
103173,0,1
103178,3,1
103184,2,1
103197,3,1
103201,2,1
103204,3,0
103207,3,1
103209,2,1
103210,3,1
103212,2,2
103215,2,0
103227,3,1
103231,1,0
103244,2,0
103246,3,4
103250,2,0
103255,1,2
103258,2,1
103261,2,1
103262,2,0
103269,2,0
103287,0,0
103305,0,0
103307,2,1
103319,2,2
103320,2,1
103327,2,0
103333,2,0
103345,3,1
103348,2,1
103349,0,0
103352,2,0
103361,2,2
103368,1,0
103375,2,0
103386,1,1
103392,1,0
103401,0,0
103404,3,2
103406,3,0
103412,2,1
103418,2,2
103421,2,1
103432,0,0
103438,2,0
103440,3,1
103441,2,1
103450,2,1
103461,3,4
103471,2,1
103472,3,1
103474,2,1
103481,2,1
103482,2,1
103495,3,1
103517,2,1
103522,2,1
103526,2,4
103538,2,1
103545,0,0
103546,2,0
103555,2,1
103556,2,1
103562,3,0
103580,2,1
103581,3,1
103588,3,4
103590,1,0
103591,6,1
103602,3,1
103604,2,1
103608,2,0
103620,0,1
103628,0,0
103634,2,1
103636,4,3
103661,0,0
103665,2,1
103669,2,1
103671,2,1
103672,2,1
103675,2,0
103679,2,0
103681,2,0
103683,3,1
103697,0,1
103706,2,0
103718,2,0
103727,2,1
103729,2,0
103733,2,0
103738,2,1
103745,2,1
103752,1,0
103753,3,1
103758,3,3
103761,2,1
103773,2,0
103774,1,0
103775,2,0
103776,3,0
103778,2,0
103780,2,1
103781,2,1
103788,3,2
103789,3,1
103790,3,1
103791,3,2
103792,1,0
103802,2,0
103807,2,1
103811,2,2
103824,2,1
103826,0,0
103834,3,2
103844,0,0
103848,0,0
103860,4,1
103876,2,1
103877,4,2
103878,2,1
103885,4,0
103893,0,0
103894,3,2
103905,2,1
103920,3,0
103928,2,1
103932,3,0
103941,2,1
103945,3,0
103946,2,1
103948,2,1
103953,2,1
103956,2,1
103964,2,1
103966,4,3
103969,2,2
103973,3,0
103976,0,1
103978,3,3
103982,2,2
103983,2,1
103988,2,1
103999,2,1
104002,2,0
104015,2,1
104017,1,1
104029,2,0
104042,0,0
104048,2,0
104050,4,3
104056,1,1
104081,1,0
104087,1,1
104095,3,4
104101,0,0
104102,3,1
104103,2,3
104130,2,2
104134,2,0
104144,2,1
104150,2,1
104157,0,0
104161,5,1
104165,0,0
104177,1,1
104182,6,1
104183,2,0
104188,3,2
104200,1,1
104203,4,3
104208,2,1
104214,2,1
104221,3,1
104226,2,1
104237,2,0
104239,3,2
104246,3,2
104254,1,0
104263,2,1
104264,3,2
104267,2,2
104273,1,0
104284,3,2
104294,5,2
104296,2,0
104301,2,0
104305,2,2
104313,2,1
104320,3,1
104326,2,0
104333,1,1
104343,3,2
104345,2,0
104346,0,0
104349,0,0
104351,0,1
104357,3,2
104362,2,0
104372,2,1
104383,0,0
104408,3,1
104415,3,4
104420,2,0
104422,2,0
104433,3,1
104434,2,2
104445,0,0
104447,2,0
104450,2,0
104460,3,0
104461,1,0
104488,3,3
104489,2,0
104491,3,1
104496,1,1
104529,2,1
104530,5,2
104532,1,0
104533,2,2
104549,3,1
104556,2,0
104562,2,0
104563,4,0
104565,2,1
104571,0,0
104573,2,2
104588,3,1
104606,2,2
104607,2,1
104608,2,0
104610,2,2
104611,2,3
104615,1,0
104624,2,1
104625,2,1
104639,1,1
104647,2,2
104650,2,0
104654,3,1
104655,2,0
104660,1,0
104661,2,2
104672,2,1
104683,1,0
104691,4,3
104693,2,0
104696,2,2
104704,0,0
104711,3,2
104722,2,1
104723,3,2
104726,1,2
104732,1,2
104739,0,0
104757,3,1
104758,2,0
104759,3,4
104777,4,3
104782,3,2
104796,2,1
104815,2,0
104820,2,1
104822,2,0
104827,3,2
104840,0,0
104842,2,0
104848,3,4
104852,2,2
104854,0,0
104859,2,0
104861,2,0
104864,3,4
104866,0,1
104873,3,1
104891,2,1
104895,2,1
104902,2,0
104914,2,0
104934,3,4
104945,0,0
104947,1,1
104949,2,1
104956,3,0
104964,2,1
104969,2,0
104973,2,1
104983,4,0
104986,2,0
104994,2,1
105003,2,2
105013,3,1
105017,3,1
105027,4,3
105033,2,1
105037,2,1
105043,2,0
105047,2,1
105062,2,1
105082,2,1
105091,3,2
105092,2,0
105095,0,0
105098,2,0
105099,2,1
105104,4,3
105111,2,1
105112,0,0
105114,2,1
105124,2,3
105128,3,1
105131,1,0
105137,2,0
105167,1,0
105175,0,0
105178,3,1
105180,2,2
105190,2,1
105191,1,1
105193,2,2
105195,3,2
105198,1,1
105210,2,2
105223,2,0
105228,2,1
105229,0,0
105248,2,0
105268,0,0
105272,3,2
105301,0,0
105305,3,0
105310,1,1
105311,2,1
105324,2,0
105331,2,1
105334,2,0
105336,3,4
105340,0,0
105342,2,0
105343,0,0
105347,2,1
105370,2,1
105372,2,0
105374,1,0
105378,2,2
105383,3,1
105392,1,0
105400,2,0
105409,4,3
105417,0,0
105426,2,1
105441,3,2
105442,4,3
105443,0,0
105444,5,2
105447,2,0
105449,0,1
105456,1,1
105464,2,0
105468,2,1
105472,2,1
105477,4,1
105480,2,3
105481,2,1
105486,2,1
105491,2,1
105493,0,0
105499,0,0
105512,2,1
105528,3,1
105530,4,3
105532,2,1
105541,0,1
105551,1,0
105556,3,4
105557,3,1
105563,2,1
105569,2,2
105572,2,1
105578,2,0
105588,2,0
105593,3,1
105599,2,0
105604,2,1
105609,0,0
105617,3,4
105618,3,1
105619,4,3
105625,6,2
105627,2,0
105631,2,1
105635,1,0
105636,2,2
105645,3,0
105646,1,0
105666,0,0
105667,2,2
105683,0,0
105684,3,1
105692,2,0
105703,3,2
105706,2,1
105716,2,1
105718,2,0
105724,2,0
105729,2,0
105730,2,0
105732,0,1
105737,1,0
105738,2,0
105739,3,0
105744,3,2
105745,2,1
105746,2,1
105781,2,2
105792,2,1
105809,2,2
105820,4,1
105828,3,3
105830,0,0
105838,2,2
105857,6,1
105865,2,0
105866,2,0
105874,4,3
105875,2,0
105878,3,1
105890,2,0
105893,0,1
105895,2,1
105900,2,1
105901,2,0
105902,2,0
105907,5,2
105940,2,0
105944,2,2
105949,4,3
105954,2,2
105965,0,0
105966,2,0
105970,0,0
105971,3,1
106025,3,2
106027,3,4
106037,2,1
106038,2,0
106046,2,2
106055,2,0
106062,2,1
106064,2,1
106067,3,1
106070,2,1
106072,0,1
106075,2,0
106086,2,2
106095,6,1
106098,1,1
106117,2,2
106119,1,0
106121,2,1
106129,1,1
106137,4,1
106139,4,3
106146,2,1
106160,4,3
106167,2,1
106170,2,1
106179,1,1
106187,2,0
106195,2,3
106215,2,1
106225,1,2
106232,2,1
106233,2,1
106247,2,2
106251,2,1
106255,2,1
106258,5,2
106293,4,3
106312,1,0
106323,3,3
106327,2,1
106334,2,1
106347,0,1
106359,0,0
106361,2,1
106370,2,0
106377,0,0
106388,2,2
106390,1,2
106401,2,1
106402,5,2
106414,0,1
106416,3,1
106418,2,0
106419,2,0
106423,2,0
106429,0,0
106445,4,3
106457,2,1
106459,2,2
106463,3,0
106468,2,1
106475,3,2
106481,2,0
106486,2,3
106489,2,0
106493,2,2
106507,1,0
106511,0,0
106530,2,0
106532,2,1
106538,2,1
106544,2,0
106550,2,1
106575,2,1
106580,2,1
106582,3,2
106587,3,1
106589,2,0
106601,2,1
106609,2,1
106613,2,1
106617,1,2
106627,1,1
106641,2,0
106655,2,1
106657,2,0
106661,2,1
106662,2,3
106674,2,0
106690,2,0
106703,2,1
106710,2,0
106713,2,1
106715,3,1
106718,2,0
106724,2,1
106728,0,0
106733,0,2
106736,2,1
106741,2,1
106751,2,1
106752,1,0
106765,5,2
106766,2,1
106770,2,0
106774,2,2
106782,4,0
106784,3,4
106798,0,0
106800,2,0
106803,3,4
106805,2,1
106809,2,1
106810,2,2
106811,2,0
106816,2,0
106827,2,0
106836,3,2
106838,3,2
106849,2,1
106850,2,1
106867,3,1
106871,2,0
106875,2,2
106877,0,0
106883,0,0
106889,4,2
106894,3,0
106902,2,2
106903,1,1
106904,1,0
106914,2,2
106918,2,0
106923,2,1
106926,2,0
106932,2,1
106945,3,1
106955,0,0
106960,2,1
106964,2,1
106993,2,0
106994,2,2
107005,4,3
107017,3,0
107025,1,0
107028,2,1
107037,2,1
107041,2,1
107043,0,0
107050,2,2
107061,2,1
107063,2,1
107066,2,2
107067,2,1
107069,2,1
107072,1,0
107075,5,2
107095,2,2
107112,3,1
107129,2,0
107146,2,0
107148,2,1
107153,3,2
107156,1,0
107157,2,1
107159,3,3
107160,2,0
107165,3,2
107170,2,1
107173,3,1
107186,5,2
107205,5,2
107208,2,3
107216,3,3
107217,1,1
107228,2,2
107233,2,2
107245,2,0
107258,2,1
107260,2,0
107268,0,0
107276,3,1
107277,4,1
107278,1,1
107281,2,1
107293,2,2
107296,2,1
107309,2,1
107316,2,2
107336,2,1
107341,3,2
107350,4,3
107351,0,0
107356,2,1
107358,2,2
107369,2,0
107374,2,0
107375,2,0
107383,2,2
107386,2,0
107396,2,1
107431,1,1
107432,2,1
107436,2,0
107437,1,1
107446,2,1
107447,0,0
107456,1,1
107458,2,0
107466,1,1
107474,2,0
107483,3,1
107496,3,1
107503,3,1
107515,0,0
107521,2,1
107526,2,1
107534,2,2
107536,1,1
107543,2,0
107550,3,1
107554,2,1
107567,3,4
107575,0,1
107576,3,0
107577,3,0
107581,1,0
107597,4,2
107618,2,1
107619,3,1
107623,2,0
107626,2,3
107628,2,0
107631,2,2
107633,2,1
107642,2,1
107653,3,0
107656,3,0
107657,2,0
107662,3,2
107689,3,1
107704,2,3
107743,3,3
107758,2,1
107776,2,0
107778,4,3
107782,2,2
107783,2,1
107785,0,0
107787,3,1
107789,2,1
107793,3,2
107798,1,0
107800,0,0
107801,2,0
107810,3,1
107818,2,1
107829,3,4
107856,2,0
107862,2,1
107863,2,1
107864,3,1
107865,3,2
107881,2,0
107883,2,2
107887,1,0
107912,2,2
107913,3,2
107920,1,0
107942,3,2
107951,3,1
107956,2,0
107962,2,0
107963,2,1
107966,2,1
107968,3,2
107973,0,0
107986,3,2
107991,0,1
107994,2,0
108007,0,0
108012,2,1
108013,2,0
108014,2,2
108030,2,0
108037,2,1
108043,2,0
108046,5,0
108059,3,4
108061,2,1
108062,3,3
108073,3,2
108080,2,1
108086,2,0
108094,2,0
108102,2,1
108116,2,2
108117,2,1
108120,2,1
108125,2,1
108127,0,0
108130,2,3
108133,0,0
108144,2,1
108145,2,2
108152,2,1
108156,3,3
108167,2,0
108171,2,1
108180,2,3
108186,5,2
108204,3,1
108210,0,0
108217,0,0
108229,3,1
108230,4,3
108235,3,1
108240,3,1
108246,4,1
108249,2,1
108253,3,1
108256,0,0
108257,0,0
108260,2,1
108265,0,0
108278,3,0
108295,0,0
108313,2,0
108315,2,1
108318,0,1
108319,0,0
108339,0,0
108342,2,0
108366,2,0
108369,2,1
108374,1,0
108378,2,1
108385,2,0
108389,0,0
108390,2,1
108393,1,1
108397,3,0
108403,2,1
108423,3,3
108433,2,3
108435,4,1
108437,2,2
108440,2,0
108442,2,0
108449,2,3
108459,1,1
108486,2,1
108499,0,0
108536,2,2
108547,2,1
108556,0,0
108557,2,1
108561,1,1
108573,0,0
108578,4,1
108579,0,0
108592,2,1
108594,2,0
108596,2,3
108606,3,2
108612,2,0
108613,2,1
108617,2,1
108625,2,0
108639,3,3
108644,3,3
108645,1,0
108646,2,0
108648,0,0
108650,2,2
108652,3,0
108656,2,1
108670,2,1
108671,3,1
108674,3,1
108675,2,1
108712,2,0
108719,2,2
108722,2,0
108729,2,1
108735,2,1
108737,4,3
108738,2,1
108740,0,0
108742,2,0
108745,1,1
108749,0,0
108752,3,2
108753,2,1
108773,2,2
108782,2,0
108784,2,0
108785,2,1
108791,2,3
108793,3,0
108795,2,0
108823,3,3
108833,0,0
108849,4,3
108850,2,2
108851,2,2
108853,2,1
108856,2,2
108857,2,0
108876,2,0
108897,2,1
108901,1,1
108908,2,0
108912,4,2
108918,2,0
108925,2,1
108952,2,1
108962,0,0
108966,0,0
108973,3,1
108974,1,0
108975,2,1
108981,4,3
108982,5,1
108984,1,0
108989,5,0
109012,2,0
109030,2,2
109037,2,3
109059,0,0
109073,2,0
109076,2,0
109087,1,0
109088,2,1
109091,2,2
109095,2,0
109100,2,0
109108,3,2
109118,3,0
109131,0,0
109139,3,0
109156,2,1
109166,3,3
109171,2,1
109175,2,0
109179,2,2
109188,2,0
109192,1,1
109197,3,4
109205,3,1
109211,0,1
109219,2,1
109226,2,0
109229,2,1
109244,4,1
109250,4,3
109264,1,0
109268,2,0
109269,2,1
109272,3,1
109277,2,3
109281,4,3
109284,2,0
109287,2,0
109298,0,0
109305,2,1
109306,2,1
109311,0,0
109314,4,3
109330,2,0
109339,3,0
109354,0,0
109359,3,1
109360,3,4
109374,6,0
109377,3,4
109380,2,0
109384,0,0
109390,2,1
109391,0,0
109393,2,0
109399,1,0
109411,2,1
109417,2,1
109421,1,0
109425,2,0
109426,0,0
109434,0,0
109439,2,0
109442,3,4
109451,2,2
109456,2,0
109461,2,0
109464,2,1
109466,1,1
109469,3,3
109470,2,2
109472,2,2
109473,2,1
109479,2,0
109483,2,1
109486,2,1
109489,2,0
109498,3,1
109508,2,0
109514,3,2
109516,2,0
109517,2,1
109524,1,0
109534,2,0
109538,2,1
109553,2,0
109559,2,1
109589,2,1
109593,2,2
109602,4,3
109619,0,0
109620,2,0
109638,2,0
109639,3,4
109642,2,1
109649,2,1
109663,2,0
109674,1,0
109679,2,1
109683,3,1
109690,0,0
109700,0,0
109702,2,1
109704,3,1
109707,3,0
109722,3,2
109738,2,1
109745,2,2
109751,3,2
109756,5,2
109760,1,0
109786,2,1
109791,2,2
109802,2,1
109806,2,0
109811,2,1
109813,0,0
109840,2,0
109842,0,0
109858,2,1
109863,3,1
109864,2,0
109874,2,0
109894,2,1
109896,3,1
109902,5,0
109903,2,1
109924,3,1
109931,3,4
109932,2,2
109933,2,0
109934,2,1
109935,2,2
109937,2,2
109939,2,1
109940,1,2
109941,0,0
109946,2,2
109947,0,0
109949,2,3
109950,1,1
109961,1,0
109971,3,4
109974,3,2
109986,2,1
109988,0,0
109989,0,0
109997,2,1
110011,2,1
110013,5,2
110032,2,1
110038,0,0
110049,3,3
110053,2,0
110060,2,0
110070,0,0
110071,2,1
110074,2,2
110076,2,1
110077,2,0
110079,2,2
110118,2,0
110120,2,1
110130,4,3
110145,1,0
110146,3,3
110149,2,0
110160,2,1
110173,1,1
110178,3,3
110183,3,2
110184,2,0
110190,2,2
110191,2,0
110194,0,1
110205,2,1
110217,2,1
110243,2,1
110245,2,2
110251,4,1
110255,1,0
110257,2,0
110264,3,1
110276,3,1
110277,2,0
110281,2,1
110292,2,2
110295,2,1
110299,2,3
110311,2,1
110316,2,2
110322,2,1
110348,1,0
110361,3,0
110368,2,1
110374,2,1
110377,1,0
110379,3,1
110382,2,2
110404,3,1
110410,2,1
110418,2,0
110421,0,1
110426,3,1
110427,0,0
110435,2,1
110450,1,1
110454,3,2
110469,1,0
110472,2,1
110473,2,1
110489,3,4
110501,2,1
110510,1,1
110513,2,1
110514,2,1
110534,2,0
110535,2,1
110543,0,1
110567,0,0
110583,3,1
110591,2,1
110599,2,1
110603,0,1
110606,4,3
110612,4,1
110613,2,2
110616,2,1
110631,0,0
110642,2,1
110654,2,1
110666,0,0
110674,2,1
110679,4,0
110688,2,1
110691,2,1
110692,1,0
110693,2,2
110699,3,2
110709,2,0
110719,2,2
110724,2,3
110725,2,1
110726,2,1
110736,2,2
110739,3,1
110740,2,2
110753,3,0
110755,2,1
110757,2,1
110759,2,0
110763,2,2
110774,2,0
110777,3,2
110783,2,1
110794,2,1
110797,0,0
110799,2,1
110802,1,0
110802,1,0
110819,2,0
110820,0,0
110826,3,1
110834,2,3
110840,4,3
110843,2,0
110844,4,1
110846,1,0
110866,3,1
110871,2,0
110872,2,1
110873,3,1
110879,0,0
110881,1,0
110882,3,1
110894,2,3
110902,3,1
110903,2,0
110908,3,1
110922,2,1
110923,2,1
110930,2,2
110933,3,1
110934,6,1
110953,1,2
110971,2,1
110985,2,2
110993,1,0
111007,2,1
111011,1,0
111015,2,0
111023,4,0
111032,3,1
111034,3,1
111035,2,2
111036,2,0
111052,4,3
111057,2,0
111067,0,0
111088,4,2
111089,2,0
111103,1,0
111113,2,1
111122,2,1
111124,2,0
111131,2,0
111133,0,0
111137,1,0
111140,2,1
111142,2,0
111147,3,1
111149,2,0
111152,3,1
111156,3,1
111171,2,1
111172,3,2
111174,2,0
111177,2,1
111184,2,1
111187,2,1
111189,1,0
111193,2,2
111206,2,3
111209,2,1
111219,2,2
111237,3,2
111239,2,0
111245,3,3
111257,3,1
111264,0,2
111268,3,0
111273,2,0
111274,1,2
111282,3,3
111315,2,1
111323,2,2
111330,2,0
111332,0,1
111333,3,1
111336,2,0
111340,2,2
111343,0,0
111353,2,0
111358,2,1
111362,2,1
111365,0,0
111369,3,2
111371,0,0
111377,2,0
111382,5,3
111385,4,3
111398,2,0
111399,2,2
111401,3,2
111404,2,1
111406,2,1
111408,2,1
111409,2,0
111411,3,1
111414,2,1
111425,2,3
111431,2,2
111445,2,3
111446,0,1
111457,2,2
111459,1,2
111460,2,1
111466,2,1
111477,2,1
111481,2,0
111486,2,2
111498,2,0
111499,2,2
111503,4,3
111504,2,1
111507,2,1
111512,2,0
111514,2,2
111517,3,4
111518,3,0
111524,2,1
111526,2,0
111530,1,2
111535,2,0
111546,2,1
111547,2,2
111601,3,0
111605,3,0
111615,2,0
111617,2,1
111621,2,2
111622,1,0
111625,3,2
111648,3,1
111651,2,0
111658,2,2
111663,0,0
111668,3,2
111680,2,0
111695,4,2
111712,2,1
111721,2,1
111725,2,1
111731,0,1
111732,5,2
111747,2,0
111757,1,3
111772,0,0
111775,2,0
111780,3,4
111797,2,1
111801,3,1
111805,2,3
111808,1,0
111810,0,0
111814,2,0
111816,2,1
111822,1,0
111828,1,0
111833,1,0
111839,2,1
111845,2,1
111846,1,0
111850,0,0
111860,1,0
111863,2,1
111864,1,0
111867,2,1
111879,2,1
111886,3,4
111889,0,0
111903,0,0
111909,3,4
111912,2,1
111926,2,1
111930,3,1
111934,2,1
111939,2,1
111941,2,0
111956,2,1
111959,3,0
111979,3,1
111982,2,0
111988,2,2
111991,0,0
111998,3,2
112006,1,1
112007,0,0
112010,1,1
112011,2,1
112022,2,2
112028,2,0
112030,3,1
112037,2,2
112059,1,2
112071,2,0
112076,3,4
112092,2,1
112095,2,1
112096,0,0
112098,4,1
112105,2,1
112116,2,1
112121,2,3
112124,2,2
112133,2,1
112150,2,3
112151,2,1
112153,3,2
112163,2,3
112167,0,0
112174,1,1
112179,2,1
112197,2,0
112202,2,0
112203,3,2
112207,1,0
112217,0,0
112219,3,0
112230,3,2
112234,0,0
112237,1,1
112243,0,0
112248,2,1
112253,2,1
112274,2,1
112277,2,0
112281,2,1
112295,5,2
112300,0,0
112315,2,0
112317,2,1
112335,0,0
112339,2,1
112369,2,1
112370,0,0
112384,0,0
112393,5,2
112395,1,1
112418,2,0
112421,3,1
112428,2,1
112432,3,1
112446,4,1
112467,3,4
112475,2,0
112477,3,1
112483,0,0
112485,0,0
112491,3,2
112494,3,4
112495,3,1
112496,1,1
112498,2,1
112500,2,2
112506,2,0
112519,0,0
112521,2,0
112529,3,2
112531,2,2
112537,1,0
112541,1,1
112542,4,3
112548,1,2
112549,4,3
112570,2,2
112579,1,0
112586,2,0
112602,0,0
112621,1,0
112634,2,1
112635,3,0
112639,2,2
112651,2,0
112660,0,0
112662,2,1
112663,2,1
112677,1,3
112696,2,1
112701,2,0
112703,0,1
112707,2,3
112722,3,0
112726,2,0
112732,3,1
112735,3,4
112747,3,1
112753,2,0
112756,0,0
112762,0,0
112765,2,0
112782,2,2
112819,5,2
112820,2,1
112826,3,4
112830,2,0
112833,3,3
112836,0,0
112862,2,0
112864,1,0
112874,1,0
112877,1,0
112889,0,0
112907,2,1
112913,2,3
112914,2,1
112916,2,0
112945,2,1
112946,2,1
112947,2,0
112950,2,1
112954,2,0
112959,2,0
112961,2,0
112963,1,0
112965,3,3
112968,2,1
112969,2,1
112970,2,2
112971,2,1
112972,2,0
112976,0,0
112986,3,2
112988,2,0
112993,2,2
113000,0,0
113006,1,1
113011,2,0
113026,3,0
113030,3,2
113031,2,0
113033,0,1
113041,2,0
113045,0,0
113053,2,1
113059,0,0
113065,2,1
113081,2,1
113092,2,1
113094,3,2
113095,2,1
113097,4,3
113099,2,1
113101,2,1
113106,0,0
113108,1,1
113114,0,0
113118,3,3
113127,2,2
113144,0,1
113148,2,1
113150,2,2
113158,0,0
113170,4,1
113209,4,3
113211,3,3
113215,0,1
113243,2,2
113263,2,0
113265,2,1
113268,3,0
113274,2,1
113285,2,0
113294,3,4
113302,3,2
113309,2,2
113321,2,2
113326,2,2
113328,4,3
113346,1,1
113352,2,2
113355,5,2
113378,0,0
113383,2,2
113386,3,1
113396,2,1
113401,2,1
113408,1,1
113412,1,0
113416,2,1
113421,2,0
113432,2,2
113447,0,0
113455,2,2
113458,5,2
113481,2,1
113483,2,0
113491,2,1
113493,4,3
113503,2,1
113512,2,1
113514,4,3
113516,0,0
113519,2,2
113524,1,0
113527,2,1
113540,2,3
113545,0,0
113547,1,0
113556,0,0
113578,3,2
113591,0,0
113595,2,0
113596,2,2
113598,3,2
113600,1,0
113602,2,1
113603,1,1
113616,4,3
113632,1,2
113650,2,0
113654,0,0
113665,2,0
113670,2,1
113672,2,1
113683,2,1
113689,3,2
113690,2,2
113692,2,0
113709,3,2
113713,2,1
113726,2,0
113738,3,2
113746,1,0
113758,2,1
113759,2,0
113773,3,1
113781,2,1
113784,2,0
113785,2,1
113793,3,1
113814,2,2
113828,3,1
113833,2,0
113842,2,1
113859,3,1
113865,0,0
113871,1,0
113880,2,2
113883,0,0
113886,0,0
113907,2,1
113911,0,0
113915,3,0
113919,2,0
113926,2,1
113928,2,1
113929,2,2
113934,2,1
113940,3,1
113941,2,0
113946,2,1
113970,3,2
113976,2,1
113978,2,0
113981,3,4
113985,2,1
113986,3,2
113990,1,0
113996,3,4
114016,0,0
114018,2,1
114024,3,2
114035,2,1
114050,3,1
114052,2,1
114054,2,1
114056,3,4
114070,0,0
114075,1,1
114091,0,0
114097,1,1
114100,2,2
114113,3,1
114117,2,0
114124,2,0
114126,2,0
114129,0,0
114131,2,0
114139,4,3
114165,3,2
114170,2,2
114176,0,1
114178,2,1
114179,3,2
114183,2,0
114185,2,1
114188,3,0
114197,2,0
114200,2,1
114203,0,0
114208,3,3
114209,3,1
114222,2,0
114231,2,0
114246,2,0
114256,2,1
114258,0,1
114259,2,1
114266,2,0
114273,1,0
114286,2,2
114291,2,0
114292,5,3
114295,2,0
114300,0,0
114323,2,2
114336,1,0
114341,1,0
114342,3,1
114343,2,1
114344,2,1
114347,2,2
114369,2,2
114374,1,1
114395,1,2
114400,2,0
114409,0,0
114412,3,3
114432,2,1
114437,3,2
114439,2,0
114448,2,2
114460,0,0
114468,0,1
114487,0,0
114488,3,4
114514,2,1
114516,0,0
114519,2,1
114532,2,2
114535,3,2
114539,0,0
114549,2,1
114569,3,2
114579,3,2
114593,5,0
114602,0,0
114607,3,4
114610,2,1
114613,1,0
114629,2,1
114631,1,0
114639,3,1
114642,2,0
114654,0,0
114657,5,2
114668,1,1
114689,0,0
114692,2,0
114693,3,2
114713,2,1
114718,3,0
114728,3,2
114741,3,3
114748,2,1
114750,0,0
114761,1,1
114762,2,1
114766,2,0
114787,2,1
114789,2,0
114797,0,0
114807,2,1
114810,2,1
114817,1,0
114827,2,0
114829,1,2
114837,2,0
114850,0,0
114854,2,1
114855,1,0
114860,0,1
114869,3,2
114886,1,0
114896,3,4
114909,3,4
114910,2,2
114917,3,2
114918,2,1
114924,3,1
114945,3,1
114948,2,2
114950,6,1
114954,2,2
114955,2,1
114968,0,0
114971,1,0
114977,2,1
114990,3,1
115015,2,0
115021,0,0
115022,2,1
115024,2,0
115028,2,1
115031,2,1
115032,0,0
115042,0,0
115048,3,1
115049,2,1
115052,2,0
115074,2,1
115077,3,1
115086,2,1
115094,2,0
115101,3,2
115121,2,1
115131,2,1
115135,0,1
115136,1,0
115144,2,2
115153,2,1
115157,2,0
115159,2,1
115179,0,0
115191,2,0
115202,4,3
115208,3,2
115221,0,0
115222,3,3
115223,2,1
115224,2,1
115225,1,2
115233,0,1
115235,2,1
115238,2,0
115244,2,1
115247,1,0
115253,3,1
115261,2,1
115264,2,0
115270,2,1
115276,5,2
115288,2,0
115289,3,1
115307,1,1
115310,2,1
115327,0,0
115330,0,0
115338,2,1
115340,3,2
115350,1,0
115354,2,2
115372,3,1
115378,2,1
115379,3,4
115386,0,0
115389,3,2
115416,2,2
115422,2,1
115435,6,1
115446,2,0
115454,0,0
115464,3,2
115466,2,1
115468,2,2
115471,6,1
115476,3,3
115487,2,0
115494,2,1
115520,0,0
115521,3,1
115524,2,1
115530,2,1
115531,1,0
115546,5,2
115554,0,0
115558,3,1
115563,2,1
115570,0,0
115576,2,1
115582,2,1
115588,2,1
115593,2,1
115594,2,4
115596,2,1
115607,2,2
115617,3,4
115627,2,1
115628,3,1
115637,3,0
115646,4,2
115656,2,2
115658,2,0
115672,2,0
115673,4,3
115678,2,1
115681,0,0
115683,0,0
115685,0,0
115689,3,0
115692,2,0
115698,2,1
115699,0,1
115705,2,1
115708,2,2
115710,4,3
115715,2,1
115726,2,0
115734,2,1
115740,1,0
115742,2,0
115754,1,0
115758,3,1
115760,2,1
115761,3,1
115768,2,1
115777,5,2
115795,4,1
115808,2,0
115810,2,1
115814,2,1
115817,1,0
115822,2,1
115827,4,0
115829,1,0
115830,3,1
115834,2,1
115839,3,1
115841,2,2
115852,3,2
115889,2,1
115899,2,1
115911,2,0
115913,1,1
115942,2,1
115943,4,1
115945,1,0
115946,3,2
115955,2,0
115979,3,2
115982,2,0
116002,3,4
116004,2,0
116005,2,1
116013,2,2
116033,0,0
116041,5,2
116043,3,0
116076,2,2
116091,0,0
116094,5,2
116095,2,2
116097,2,0
116098,0,0
116099,5,2
116100,3,1
116106,2,1
116117,2,1
116124,0,0
116128,2,1
116130,2,2
116131,2,1
116137,1,0
116138,2,1
116144,2,1
116151,2,2
116152,0,0
116153,2,0
116154,2,1
116161,2,1
116177,2,0
116180,2,0
116197,2,0
116205,2,1
116211,0,0
116213,2,2
116222,1,1
116225,1,2
116232,2,1
116235,2,0
116245,2,3
116254,3,1
116256,4,3
116259,3,1
116260,3,1
116262,4,3
116263,6,1
116272,2,1
116284,3,3
116285,2,0
116286,1,0
116288,2,1
116290,2,0
116297,2,1
116298,1,0
116303,5,2
116311,0,0
116312,0,1
116313,2,1
116314,2,0
116325,2,0
116331,2,1
116340,0,0
116342,1,1
116344,3,1
116345,2,1
116358,2,1
116359,5,2
116373,2,0
116374,3,2
116391,4,2
116395,2,1
116409,2,2
116416,2,2
116418,0,0
116448,2,0
116449,2,1
116455,2,2
116460,2,3
116468,2,1
116476,3,1
116489,2,2
116492,4,1
116494,2,0
116521,1,1
116533,3,0
116534,2,0
116538,2,0
116544,3,2
116547,2,1
116549,0,0
116553,4,3
116554,2,1
116560,0,0
116564,4,3
116574,1,0
116575,2,1
116589,3,2
116603,2,0
116609,2,1
116617,1,0
116637,3,1
116640,2,1
116659,2,2
116668,2,2
116669,1,0
116684,3,1
116689,5,1
116694,2,0
116705,2,0
116713,0,0
116727,4,3
116728,2,1
116730,2,2
116742,2,2
116745,2,1
116747,2,2
116767,0,0
116778,2,2
116779,2,1
116781,2,1
116788,2,0
116789,3,1
116794,2,2
116802,2,0
116810,3,3
116817,0,0
116827,4,3
116832,2,1
116835,2,1
116836,4,1
116840,2,1
116841,0,1
116845,2,1
116848,3,4
116855,0,0
116865,2,1
116875,3,2
116877,2,1
116878,4,1
116879,2,2
116904,2,1
116911,3,1
116915,2,0
116930,2,1
116945,4,3
116952,2,1
116955,0,0
116957,0,0
116966,3,1
116972,1,0
116979,3,0
116980,0,0
116987,3,1
116988,2,0
117002,2,0
117007,2,2
117016,2,1
117031,3,2
117041,2,1
117058,2,0
117060,2,0
117063,2,1
117068,2,0
117069,4,3
117081,2,0
117086,3,3
117093,4,3
117096,2,0
117102,3,4
117103,2,2
117112,1,1
117113,0,0
117126,3,4
117136,0,0
117144,4,0
117150,1,3
117157,1,0
117169,3,0
117170,2,1
117174,2,2
117186,3,2
117192,2,1
117202,2,2
117212,3,2
117234,2,2
117236,1,1
117237,2,0
117242,2,1
117243,0,0
117245,2,1
117248,2,2
117261,0,0
117266,2,0
117268,0,1
117273,1,3
117276,3,1
117280,2,2
117285,0,0
117288,2,0
117292,2,1
117296,2,2
117298,2,1
117313,3,1
117317,1,1
117328,0,1
117338,2,1
117339,2,0
117340,0,0
117353,5,2
117354,2,2
117367,1,3
117379,2,0
117388,0,0
117395,1,0
117397,2,1
117399,2,0
117405,2,1
117412,2,1
117435,2,0
117480,2,1
117487,0,0
117490,4,3
117494,2,2
117511,2,0
117517,2,1
117526,0,1
117533,0,0
117539,0,0
117549,4,3
117582,2,1
117583,2,3
117594,2,2
117597,0,0
117604,0,0
117619,2,0
117622,1,2
117626,0,0
117629,2,1
117630,2,0
117632,3,2
117633,0,2
117644,1,0
117651,2,0
117655,0,0
117686,2,1
117697,2,0
117698,2,1
117699,1,2
117700,3,2
117708,2,0
117716,1,2
117718,2,0
117730,2,1
117749,3,2
117758,3,1
117760,2,0
117779,1,1
117787,2,1
117788,3,1
117797,2,1
117799,2,1
117824,2,0
117833,1,3
117840,1,0
117843,3,1
117854,2,2
117855,2,0
117856,0,0
117857,5,2
117859,5,2
117864,2,4
117876,2,1
117880,2,0
117882,2,5
117886,0,0
117889,4,2
117911,0,0
117919,0,0
117933,2,1
117943,0,0
117944,2,0
117970,0,0
117974,2,2
117978,2,0
117982,2,1
117983,2,1
117985,1,0
117995,3,4
117999,2,0
118003,1,1
118029,2,1
118048,1,1
118064,3,2
118070,1,2
118072,2,1
118084,2,1
118090,3,0
118094,2,0
118100,2,3
118101,0,0
118104,2,1
118125,2,2
118152,2,0
118155,2,2
118159,0,0
118162,2,2
118169,3,1
118175,1,0
118194,2,1
118199,3,1
118224,1,0
118234,2,0
118251,0,4
118257,2,2
118267,2,0
118273,0,0
118301,1,0
118313,2,1
118321,2,2
118324,0,0
118333,2,1
118342,2,0
118343,1,0
118344,0,0
118351,2,2
118354,0,2
118355,1,3
118357,1,1
118362,2,0
118384,2,0
118388,3,0
118400,2,1
118430,2,0
118437,3,1
118439,2,1
118452,0,0
118471,2,0
118513,2,0
118515,2,2
118525,2,1
118526,1,0
118527,3,1
118537,2,0
118548,2,2
118552,0,0
118570,5,2
118571,2,1
118575,2,0
118577,2,0
118581,2,1
118594,0,0
118598,2,1
118604,2,0
118609,2,0
118623,2,1
118630,2,1
118640,0,0
118644,4,3
118645,2,2
118646,2,1
118656,2,2
118658,3,1
118680,0,0
118685,2,3
118711,1,2
118713,1,0
118715,4,3
118717,2,0
118718,2,0
118833,2,1
118843,1,1
118844,2,1
118855,2,2
118858,2,1
118863,2,0
118865,2,0
118870,3,4
118874,2,1
118876,2,1
118928,1,1
118937,2,1
118939,2,0
118944,6,1
118946,2,0
118948,0,0
118952,2,2
118956,0,0
118962,3,1
118980,2,1
118984,1,0
118990,3,4
119006,0,0
119012,3,3
119018,3,1
119022,2,1
119024,3,1
119025,0,0
119026,1,0
119056,3,0
119059,2,1
119062,1,1
119067,0,0
119071,2,1
119075,2,0
119083,0,0
119088,0,0
119091,1,1
119103,3,1
119123,3,2
119129,0,0
119153,2,1
119182,3,1
119196,2,0
119202,2,1
119209,2,1
119218,2,1
119222,1,1
119225,1,0
119226,2,1
119227,2,1
119229,0,1
119235,2,1
119236,1,0
119239,2,1
119242,0,0
119292,1,2
119295,2,1
119307,2,0
119315,1,0
119318,2,1
119321,1,1
119325,5,2
119336,2,0
119343,2,0
119344,2,1
119345,2,1
119356,2,1
119362,2,1
119370,2,1
119375,3,4
119378,2,1
119401,3,1
119404,2,2
119413,2,1
119415,2,0
119416,2,1
119418,2,2
119423,3,1
119425,3,1
119427,3,0
119435,2,1
119447,2,0
119453,2,1
119456,0,0
119459,0,0
119467,3,1
119475,2,3
119485,2,0
119496,4,2
119503,4,3
119518,0,0
119526,2,0
119534,3,2
119555,4,3
119564,2,3
119572,2,0
119593,2,1
119630,0,0
119631,3,1
119642,2,1
119648,2,1
119668,2,1
119671,2,1
119677,1,2
119694,2,1
119706,2,2
119711,2,2
119712,3,2
119714,2,0
119729,1,0
119742,2,1
119769,1,1
119775,0,1
119780,2,0
119781,0,1
119801,2,0
119802,2,0
119807,2,1
119811,2,3
119844,2,2
119850,1,0
119860,1,0
119868,0,0
119879,2,1
119881,2,2
119886,2,2
119896,3,3
119898,5,2
119902,5,2
119910,4,0
119924,0,0
119930,2,1
119931,2,1
119957,3,1
119959,2,0
119965,1,0
119968,2,1
119970,0,1
119976,0,3
119991,2,1
120004,2,0
120010,2,1
120038,2,0
120061,2,1
120065,4,1
120071,0,0
120072,4,3
120075,2,2
120090,2,0
120092,2,1
120101,2,0
120102,2,1
120103,2,1
120105,2,1
120113,0,0
120122,2,2
120123,0,0
120131,2,4
120132,2,1
120143,1,0
120145,2,0
120149,2,0
120154,2,1
120156,2,1
120163,3,1
120166,2,1
120169,2,0
120186,5,1
120192,2,0
120195,5,2
120208,2,0
120219,4,3
120220,2,1
120221,4,1
120230,1,1
120245,2,0
120268,2,1
120275,3,2
120278,2,1
120279,2,0
120294,2,1
120295,1,1
120302,2,3
120304,2,1
120305,4,1
120312,0,3
120313,0,0
120345,2,1
120359,2,1
120365,2,0
120369,2,1
120383,2,1
120387,2,0
120391,5,2
120399,1,3
120408,2,0
120409,2,0
120410,3,3
120422,2,0
120423,1,1
120424,2,1
120425,4,2
120428,2,2
120429,2,3
120434,0,0
120451,2,0
120462,0,0
120466,2,2
120525,1,0
120538,2,0
120544,2,3
120545,1,1
120555,2,2
120559,2,0
120567,2,0
120574,2,1
120577,2,1
120578,2,0
120579,0,0
120586,2,1
120603,2,1
120612,4,3
120616,6,1
120618,0,0
120625,2,1
120631,3,4
120637,2,1
120639,2,0
120640,2,1
120645,2,1
120652,2,0
120673,2,2
120684,0,2
120685,2,1
120690,4,0
120695,0,1
120697,2,0
120704,0,0
120708,2,3
120723,2,1
120729,2,1
120788,2,1
120789,0,1
120805,2,1
120824,3,3
120842,3,1
120843,2,1
120869,2,1
120876,2,1
120878,2,1
120883,2,1
120892,2,0
120896,2,3
120899,3,3
120908,2,2
120910,2,1
120918,2,1
120953,4,0
120960,2,1
120966,2,1
120967,2,1
120975,3,1
120985,0,0
120989,2,2
120998,0,0
121000,1,0
121004,2,0
121013,1,1
121014,0,0
121016,2,1
121022,2,0
121026,2,1
121041,2,0
121048,1,0
121059,2,1
121060,2,2
121077,2,0
121079,3,3
121082,2,1
121106,3,2
121107,0,0
121121,2,1
121129,2,1
121133,2,1
121134,2,2
121139,3,0
121148,3,1
121151,2,2
121152,2,1
121155,0,1
121174,2,1
121180,2,1
121188,1,0
121192,2,1
121222,0,0
121228,3,4
121238,2,1
121240,3,0
121245,2,0
121247,1,1
121249,1,1
121251,2,0
121252,2,1
121253,2,2
121258,3,0
121271,3,3
121274,3,0
121275,3,4
121276,3,1
121285,5,2
121286,3,0
121288,2,1
121291,0,0
121300,2,1
121306,0,0
121309,2,1
121315,4,1
121322,2,0
121331,2,1
121332,4,2
121337,0,1
121348,2,3
121349,2,1
121356,0,0
121359,1,0
121367,1,0
121369,1,0
121383,2,2
121390,5,2
121394,2,0
121402,0,0
121404,2,0
121414,2,0
121421,0,0
121425,2,0
121431,3,0
121436,4,1
121440,2,0
121453,0,0
121454,4,2
121466,3,1
121475,2,0
121505,2,2
121507,2,1
121510,2,2
121512,0,0
121523,2,0
121535,2,0
121536,3,0
121544,4,0
121545,5,2
121596,2,3
121610,2,1
121639,3,1
121644,2,2
121648,1,1
121658,1,0
121664,2,1
121669,3,3
121690,3,0
121712,1,3
121713,2,2
121715,3,0
121722,1,1
121726,0,0
121749,1,0
121750,2,1
121756,1,0
121758,2,2
121760,2,0
121762,2,1
121764,2,1
121765,2,2
121767,0,0
121773,2,2
121804,2,0
121831,2,1
121838,2,0
121839,3,4
121840,2,1
121852,2,1
121858,2,1
121909,0,1
121916,4,2
121935,0,0
121947,2,0
121955,1,1
121968,3,1
121970,0,0
121981,2,2
121990,3,4
121991,2,2
121996,2,0
121999,3,1
122017,3,0
122030,2,3
122042,2,1
122046,5,2
122048,2,1
122051,0,0
122056,2,0
122075,3,1
122080,4,3
122087,2,1
122089,2,1
122090,2,1
122091,3,0
122093,2,0
122103,2,0
122118,2,0
122122,2,2
122128,2,1
122142,2,3
122149,2,0
122151,1,0
122152,5,2
122153,3,1
122169,0,0
122200,2,0
122203,2,0
122204,1,0
122218,3,2
122225,4,3
122227,4,3
122228,2,0
122233,2,1
122244,2,0
122253,2,1
122268,2,1
122272,2,2
122286,2,1
122294,2,1
122298,2,2
122299,0,1
122300,2,1
122315,2,0
122326,2,1
122332,0,0
122337,2,1
122338,0,0
122339,0,0
122343,3,1
122344,2,0
122359,2,1
122369,5,1
122374,2,0
122393,3,1
122398,2,3
122408,0,1
122411,2,1
122414,2,0
122428,2,1
122431,0,0
122445,2,1
122450,2,1
122451,2,2
122452,5,2
122454,2,1
122455,2,3
122457,0,0
122459,2,1
122460,4,1
122465,2,2
122466,3,2
122467,2,0
122490,2,1
122499,2,0
122502,2,1
122505,2,0
122508,2,0
122514,3,3
122525,2,1
122530,2,1
122545,0,0
122546,2,0
122547,2,0
122548,2,0
122552,3,3
122562,0,0
122586,2,0
122595,2,2
122598,2,1
122603,2,1
122607,2,0
122630,0,0
122639,2,2
122643,2,0
122648,4,2
122657,2,1
122660,2,0
122665,3,0
122692,0,0
122695,3,3
122701,2,2
122712,2,0
122719,2,0
122727,0,0
122729,2,0
122732,1,1
122733,2,0
122735,1,0
122737,3,1
122738,4,3
122740,2,1
122765,2,1
122769,2,0
122784,2,2
122798,2,1
122805,2,1
122819,2,2
122820,4,0
122846,0,0
122847,3,2
122848,2,2
122857,2,1
122885,0,1
122891,2,1
122906,0,0
122907,2,2
122910,1,1
122914,0,1
122918,2,1
122921,2,1
122922,2,1
122935,0,1
122955,0,0
122959,1,0
122960,1,0
122967,3,3
122990,2,1
122993,2,0
122997,2,1
123020,2,1
123021,2,0
123032,3,4
123035,2,3
123051,2,0
123054,2,1
123057,3,4
123059,3,1
123062,3,1
123063,3,1
123079,2,1
123082,2,2
123093,2,1
123100,2,0
123119,2,0
123126,2,1
123131,2,1
123141,3,2
123167,2,0
123171,2,3
123173,3,2
123178,3,3
123182,2,2
123184,1,0
123190,2,1
123208,3,1
123222,2,1
123224,2,1
123225,2,0
123262,2,1
123272,0,0
123277,2,1
123285,3,1
123293,2,1
123294,1,0
123308,3,2
123315,0,0
123317,2,1
123334,0,0
123337,0,0
123341,1,0
123351,2,2
123354,2,0
123364,2,1
123366,2,1
123369,3,1
123388,5,2
123400,1,1
123401,1,0
123406,2,0
123407,3,4
123417,3,0
123419,4,0
123449,2,1
123451,2,0
123459,3,1
123466,2,2
123477,0,0
123482,2,0
123485,2,1
123486,3,1
123494,2,2
123501,1,3
123503,1,0
123514,2,0
123526,0,0
123539,2,2
123546,0,0
123562,0,0
123574,2,1
123582,2,1
123600,2,0
123601,2,1
123602,2,1
123603,3,4
123616,2,2
123624,3,1
123625,3,1
123628,3,3
123631,3,2
123632,2,1
123644,3,2
123646,2,1
123651,2,0
123652,2,1
123653,2,2
123657,2,0
123664,0,0
123674,3,2
123697,1,0
123712,1,1
123723,1,1
123726,2,1
123727,2,0
123728,0,0
123739,2,2
123748,2,2
123750,0,0
123754,2,1
123767,2,1
123772,1,1
123784,2,1
123785,0,0
123795,2,1
123801,2,0
123809,2,2
123813,1,0
123814,1,1
123816,4,1
123817,2,1
123818,2,1
123868,4,3
123871,2,0
123875,2,0
123877,2,2
123884,0,1
123889,2,2
123895,2,0
123899,3,1
123901,1,0
123903,1,1
123914,2,0
123919,4,3
123927,2,2
123930,0,0
123940,3,2
123942,2,1
123961,2,0
123966,1,1
123974,2,2
123981,3,2
123982,2,1
123989,0,0
123998,2,0
123999,2,1
124000,5,2
124006,2,1
124014,3,1
124015,2,0
124025,0,0
124028,2,1
124032,4,3
124040,2,1
124042,0,0
124046,1,0
124055,2,1
124057,2,1
124059,2,1
124061,2,0
124063,0,0
124065,3,4
124081,2,1
124083,0,0
124104,1,0
124113,2,1
124118,3,3
124120,2,0
124121,2,0
124128,2,0
124131,2,1
124152,2,3
124157,2,0
124161,2,0
124163,2,0
124176,3,1
124177,1,1
124181,1,0
124182,2,1
124183,0,0
124188,2,2
124200,4,1
124214,2,1
124240,1,2
124246,1,0
124288,2,0
124303,3,1
124304,2,0
124305,2,1
124312,2,2
124323,2,0
124324,2,1
124340,2,1
124349,1,0
124352,3,0
124353,1,0
124372,2,2
124377,1,0
124380,1,0
124397,2,2
124399,2,0
124403,5,2
124410,4,2
124411,2,2
124412,0,0
124416,1,1
124429,2,1
124447,2,0
124457,3,0
124464,1,1
124465,2,1
124466,2,5
124467,2,2
124468,2,1
124471,2,2
124472,1,0
124477,2,1
124484,1,1
124485,2,0
124486,2,0
124487,0,0
124495,2,1
124498,0,0
124499,2,1
124500,0,0
124501,4,2
124503,3,3
124507,2,1
124524,2,1
124531,2,0
124532,2,1
124533,2,1
124534,0,0
124536,3,1
124540,2,0
124541,2,3
124542,2,2
124553,3,2
124557,0,0
124561,3,1
124578,3,2
124588,2,1
124593,0,0
124610,2,1
124637,2,1
124643,2,2
124649,3,1
124654,2,1
124660,3,1
124662,2,1
124674,1,0
124677,3,4
124681,4,3
124683,1,0
124693,2,2
124695,2,0
124698,2,0
124705,2,1
124707,0,0
124724,3,2
124767,1,1
124768,2,2
124795,2,0
124813,2,3
124818,2,1
124824,3,0
124837,2,0
124839,0,0
124840,2,1
124876,3,4
124878,2,1
124880,2,1
124881,2,1
124882,0,0
124886,2,0
124887,2,1
124888,0,0
124890,2,0
124891,2,1
124892,1,1
124893,3,1
124894,2,1
124895,2,1
124896,2,1
124898,1,1
124899,5,2
124904,3,2
124918,2,1
124928,2,1
124931,2,0
124935,2,1
124939,2,1
124957,2,2
124981,2,0
125015,2,1
125030,1,0
125042,4,3
125050,2,1
125062,2,1
125065,2,1
125066,2,0
125073,0,0
125084,2,1
125093,5,2
125095,2,5
125102,0,0
125110,2,1
125118,0,0
125121,1,0
125127,2,2
125129,2,1
125132,1,0
125133,3,4
125135,2,2
125139,3,1
125145,2,0
125159,4,3
125166,1,2
125172,5,2
125175,2,0
125198,2,0
125213,2,1
125220,3,0
125222,1,0
125226,1,0
125231,3,2
125240,0,1
125248,2,0
125269,1,3
125295,2,3
125301,2,1
125307,2,1
125350,2,1
125354,1,0
125357,4,3
125359,4,3
125368,2,0
125370,5,2
125374,2,2
125380,2,1
125382,2,1
125390,1,2
125408,2,1
125416,3,1
125418,0,0
125423,2,1
125426,0,0
125428,2,1
125440,3,2
125451,2,2
125453,0,0
125456,4,1
125457,0,0
125467,3,4
125472,2,1
125481,3,0
125483,2,3
125491,2,0
125494,2,0
125500,2,1
125512,3,3
125517,0,0
125533,2,1
125539,0,1
125555,2,0
125557,3,0
125571,2,2
125581,1,0
125584,2,1
125591,1,0
125592,2,0
125593,2,1
125594,2,2
125595,2,1
125596,3,2
125598,0,0
125608,2,1
125609,2,0
125619,1,0
125622,3,1
125624,1,1
125625,2,0
125627,2,2
125628,0,1
125631,1,1
125634,2,0
125645,4,3
125647,2,1
125649,1,1
125654,2,0
125656,2,2
125657,0,0
125658,4,3
125660,2,0
125661,2,0
125664,2,1
125667,1,1
125668,2,1
125670,2,2
125677,2,0
125690,1,2
125710,2,2
125713,0,0
125714,3,1
125721,2,2
125723,2,0
125728,0,0
125737,2,0
125744,3,1
125745,2,0
125748,1,0
125752,2,2
125754,1,0
125755,0,0
125756,2,2
125757,3,1
125758,5,2
125759,2,1
125760,2,1
125762,2,3
125767,2,1
125773,3,3
125810,0,0
125811,2,2
125817,4,1
125819,2,2
125841,2,3
125852,2,0
125856,3,1
125861,2,1
125869,2,2
125872,3,4
125879,0,0
125891,2,0
125915,2,1
125916,2,1
125917,2,1
125920,2,0
125929,3,1
125943,3,0
125944,2,0
125959,2,1
125965,0,0
125975,3,4
125986,2,1
125987,2,1
125993,1,0
126003,2,2
126008,2,0
126011,2,1
126030,2,1
126031,6,1
126034,2,1
126037,2,1
126045,2,0
126048,2,1
126049,0,1
126050,2,1
126053,3,2
126067,5,2
126098,2,0
126103,2,0
126105,2,1
126113,2,1
126117,2,1
126118,1,0
126119,0,0
126123,2,2
126129,2,1
126141,1,0
126149,1,0
126151,2,0
126152,2,1
126154,2,0
126168,4,1
126169,2,2
126180,0,0
126181,2,0
126186,2,2
126191,2,3
126199,0,0
126216,2,0
126225,2,0
126226,3,3
126227,2,1
126228,2,1
126229,2,0
126230,0,0
126239,2,0
126240,1,1
126244,2,1
126246,3,1
126248,2,1
126255,2,1
126256,2,2
126292,2,1
126308,2,0
126310,2,2
126313,2,1
126321,1,0
126326,1,1
126328,2,1
126332,2,0
126336,2,1
126343,2,1
126355,2,2
126362,3,1
126368,2,0
126369,2,1
126384,2,3
126391,2,0
126395,5,2
126407,4,3
126419,3,3
126422,2,1
126423,2,1
126441,0,0
126443,1,0
126454,4,3
126485,2,1
126486,4,1
126496,2,1
126498,2,3
126505,2,2
126508,0,0
126520,1,0
126524,2,1
126526,2,2
126527,2,1
126529,2,0
126531,3,0
126532,2,0
126533,2,1
126535,0,0
126536,2,1
126538,2,1
126552,0,0
126565,2,1
126577,2,1
126591,2,2
126596,4,0
126597,1,1
126603,2,0
126604,6,1
126616,2,1
126630,2,2
126643,3,1
126645,3,1
126651,0,0
126668,2,1
126669,0,0
126674,3,3
126675,2,1
126686,1,1
126689,2,1
126690,2,2
126704,2,1
126710,1,0
126721,2,2
126723,2,2
126731,3,2
126737,2,1
126743,2,0
126749,2,0
126754,4,3
126762,3,2
126774,3,3
126780,2,1
126790,2,1
126800,2,2
126802,2,1
126810,2,1
126812,2,1
126819,2,1
126825,4,2
126832,2,1
126838,5,2
126843,2,2
126845,2,1
126846,3,2
126847,0,0
126848,3,1
126850,2,1
126857,2,1
126867,2,0
126869,2,0
126888,2,0
126899,2,0
126900,3,4
126901,3,2
126911,1,0
126917,3,0
126922,2,1
126931,3,1
126934,2,0
126946,2,2
126950,2,0
126953,1,0
126960,0,0
126966,0,1
126967,0,0
126976,2,0
126977,5,2
126978,2,0
127020,3,2
127024,0,0
127034,2,2
127065,2,1
127066,2,0
127075,2,1
127078,2,2
127094,3,0
127137,0,0
127142,2,1
127145,0,1
127147,2,1
127153,2,1
127160,3,1
127186,2,1
127196,2,0
127202,0,1
127210,2,0
127221,2,0
127228,2,1
127229,2,2
127235,2,0
127239,0,0
127254,2,0
127272,6,1
127275,2,3
127277,2,1
127278,1,1
127279,2,0
127296,6,0
127307,3,2
127318,2,2
127328,2,1
127342,2,0
127363,2,0
127364,2,2
127365,2,2
127377,3,4
127403,2,0
127410,2,0
127411,0,0
127414,2,2
127420,2,1
127447,3,2
127452,4,3
127453,0,0
127454,3,1
127455,1,0
127456,2,1
127457,4,2
127462,2,1
127466,2,0
127478,3,0
127484,2,0
127485,2,0
127488,2,0
127494,3,1
127507,2,0
127512,0,1
127520,2,2
127547,2,1
127548,2,0
127558,3,4
127561,0,0
127575,2,0
127581,2,2
127583,2,1
127584,0,1
127592,2,1
127609,3,1
127637,0,0
127657,3,0
127659,2,2
127661,2,2
127676,3,4
127696,2,0
127718,2,1
127719,2,1
127726,0,0
127731,0,0
127734,3,4
127741,2,1
127744,3,1
127745,2,1
127758,2,1
127764,2,0
127792,0,0
127810,0,0
127818,2,2
127822,2,0
127825,2,2
127826,2,1
127828,4,3
127839,2,0
127843,2,1
127847,1,1
127855,2,1
127856,2,3
127857,2,1
127864,2,0
127868,3,4
127876,2,0
127885,2,1
127888,4,3
127892,2,0
127893,2,0
127896,1,1
127906,2,0
127910,2,0
127913,3,3
127914,2,1
127924,2,0
127926,3,4
127943,2,1
127947,3,0
127950,1,0
127959,2,1
127961,2,1
127963,3,0
127985,2,0
127994,1,1
128009,5,2
128017,2,0
128030,4,3
128032,2,0
128034,2,1
128041,4,1
128045,2,1
128064,2,0
128071,2,1
128074,2,0
128075,2,1
128079,2,0
128084,2,1
128100,2,1
128101,2,1
128103,3,4
128106,2,0
128126,2,1
128135,3,4
128153,2,2
128156,0,0
128157,2,1
128158,1,0
128161,0,0
128163,3,0
128164,1,0
128165,2,1
128167,2,1
128168,3,0
128173,2,1
128180,0,0
128183,2,0
128191,2,1
128211,2,0
128227,2,1
128228,1,0
128237,2,2
128245,4,3
128254,2,2
128263,2,0
128268,2,1
128270,2,1
128272,2,1
128274,4,0
128286,2,0
128287,5,2
128288,2,0
128293,4,3
128294,2,0
128310,1,0
128314,2,0
128319,3,1
128323,1,0
128324,6,1
128329,2,0
128331,1,0
128334,2,1
128338,3,0
128356,2,2
128358,2,0
128372,2,2
128373,2,1
128385,1,0
128387,0,0
128388,0,0
128389,3,0
128390,2,2
128391,2,0
128415,1,0
128418,0,0
128421,2,0
128422,2,1
128423,1,1
128428,3,3
128433,2,2
128440,2,0
128452,2,0
128457,2,1
128467,2,1
128470,2,0
128485,2,1
128488,2,1
128497,0,1
128499,3,2
128514,2,0
128524,0,0
128536,2,0
128537,3,0
128538,0,0
128542,2,0
128547,2,0
128549,3,0
128558,2,1
128561,2,1
128562,2,0
128563,1,1
128567,2,1
128571,2,2
128573,0,0
128576,2,0
128582,3,1
128595,2,2
128605,4,3
128606,1,1
128615,2,1
128619,2,1
128656,0,0
128659,1,1
128660,3,1
128661,3,1
128666,0,0
128668,2,1
128673,2,0
128677,5,2
128680,3,1
128686,2,1
128689,4,3
128694,2,1
128695,1,1
128697,0,0
128700,0,0
128704,0,0
128710,2,0
128712,2,0
128718,1,1
128730,2,3
128733,3,4
128742,2,1
128743,2,1
128749,0,1
128755,2,0
128757,2,1
128759,2,0
128766,2,2
128777,2,0
128797,2,1
128804,5,2
128815,3,3
128823,1,1
128824,3,1
128831,1,0
128833,2,1
128835,2,2
128837,4,3
128839,2,0
128861,3,1
128865,2,0
128869,2,2
128875,2,1
128877,2,1
128880,2,0
128884,0,0
128885,2,4
128891,1,1
128900,3,0
128902,3,1
128908,3,1
128924,2,0
128928,6,1
128929,2,2
128930,0,0
128934,0,0
128943,3,2
128962,2,1
128973,2,1
128984,4,3
128993,3,1
128994,3,1
128996,3,3
129000,2,0
129010,0,1
129011,3,2
129020,2,2
129026,0,0
129030,2,0
129039,2,0
129048,2,1
129050,0,0
129055,2,1
129063,2,1
129073,5,2
129087,2,1
129088,2,0
129089,2,0
129090,3,1
129091,0,0
129092,2,0
129093,2,0
129094,3,1
129097,3,4
129115,2,1
129120,0,0
129121,2,1
129123,2,1
129125,2,1
129128,3,3
129143,3,1
129149,2,1
129150,2,1
129167,3,1
129175,3,4
129179,0,0
129188,2,1
129202,4,2
129212,0,0
129219,1,0
129222,4,0
129224,2,1
129225,3,1
129228,2,1
129229,2,2
129244,5,2
129252,1,0
129262,2,2
129266,2,1
129268,2,1
129284,2,1
129287,2,0
129309,2,0
129312,2,0
129337,3,3
129339,3,0
129341,3,1
129344,2,1
129347,2,1
129348,2,1
129359,1,1
129364,1,1
129371,5,2
129376,1,0
129377,0,0
129388,2,1
129406,2,2
129409,0,0
129425,2,1
129427,2,1
129431,4,3
129437,1,1
129438,3,2
129458,2,0
129462,1,0
129480,0,0
129617,0,0
129624,3,0
129630,3,4
129646,0,0
129659,1,1
129665,0,0
129681,0,0
129689,2,1
129692,3,4
129696,3,1
129704,2,1
129707,1,1
129708,0,0
129710,0,0
129740,2,1
129743,3,1
129744,3,3
129748,2,0
129779,2,2
129783,2,1
129788,2,1
129789,0,0
129790,1,0
129795,2,1
129800,2,2
129804,2,2
129805,2,2
129807,0,0
129811,2,0
129815,1,0
129817,2,1
129818,2,1
129823,0,0
129829,3,2
129842,2,2
129848,2,0
129865,1,0
129875,2,0
129889,2,0
129890,0,0
129892,2,0
129895,2,0
129896,1,1
129900,2,1
129920,0,0
129925,2,1
129934,2,1
129936,2,2
129942,1,1
129951,1,2
129952,2,0
129960,2,1
129967,2,0
129970,2,0
129983,3,1
129987,1,0
129991,2,2
129997,3,4
130000,1,1
130001,2,2
130002,2,1
130003,2,1
130004,2,1
130010,2,1
130017,2,2
130020,0,2
130026,0,0
130034,3,2
130040,2,2
130048,3,1
130049,3,1
130056,2,1
130057,0,0
130058,2,0
130060,2,1
130061,1,0
130083,2,3
130097,2,1
130107,6,1
130111,2,0
130117,0,0
130133,2,0
130134,2,1
130138,0,1
130153,1,2
130164,2,1
130165,2,1
130166,3,1
130168,3,1
130169,1,0
130170,3,1
130173,3,4
130182,0,1
130186,1,0
130194,2,1
130204,0,0
130206,2,2
130208,2,0
130220,2,1
130230,3,3
130232,2,1
130234,3,2
130237,2,3
130250,3,1
130254,2,1
130255,2,1
130278,3,1
130279,1,0
130282,2,1
130290,2,1
130297,3,1
130311,4,3
130313,2,0
130319,1,0
130321,1,0
130325,2,2
130328,3,4
130340,1,2
130350,1,0
130355,3,1
130361,1,0
130362,2,0
130374,1,0
130375,2,1
130423,2,1
130425,3,1
130432,3,0
130441,2,1
130449,1,0
130452,0,0
130454,4,0
130463,1,0
130479,3,0
130486,3,1
130490,2,1
130500,1,0
130528,2,1
130533,3,1
130543,4,3
130550,2,0
130565,3,3
130566,2,0
130572,2,1
130592,1,1
130608,2,0
130612,1,0
130613,0,0
130630,2,0
130642,1,1
130662,3,4
130666,4,1
130669,2,1
130672,2,1
130675,2,1
130697,2,2
130700,2,1
130710,2,1
130722,2,1
130728,1,0
130731,1,1
130732,2,1
130740,2,0
130743,3,2
130746,2,0
130748,3,4
130759,1,0
130763,2,4
130772,2,2
130777,1,1
130784,3,1
130785,2,1
130791,0,0
130793,2,0
130814,3,1
130824,1,1
130826,1,0
130838,3,1
130841,2,1
130847,2,1
130848,3,3
130852,2,2
130853,2,0
130856,2,1
130859,2,0
130869,2,1
130872,2,1
130875,2,0
130882,2,2
130889,3,1
130893,2,1
130895,3,1
130906,2,3
130919,1,0
130940,2,1
130953,3,4
130955,2,0
130974,2,1
130982,2,1
130989,2,1
131007,2,0
131016,3,1
131030,2,2
131031,3,3
131035,2,1
131042,2,0
131044,3,2
131063,3,1
131064,2,2
131077,2,1
131083,2,1
131094,2,1
131095,2,1
131109,2,0
131129,1,1
131143,0,1
131147,2,0
131148,2,2
131151,1,1
131158,1,0
131159,2,2
131163,2,1
131170,1,1
131181,2,2
131182,3,1
131201,2,0
131204,3,4
131217,2,3
131223,3,4
131231,1,1
131241,1,0
131245,2,0
131261,2,0
131276,2,0
131278,3,4
131279,2,1
131282,2,1
131289,5,1
131302,2,0
131306,3,2
131312,2,1
131314,2,1
131321,2,1
131322,0,0
131323,2,1
131334,4,3
131335,4,3
131338,3,0
131341,2,1
131349,1,1
131361,0,1
131368,4,1
131375,2,1
131377,2,0
131389,2,0
131390,2,1
131391,1,0
131404,2,0
131407,6,1
131416,2,1
131418,2,1
131421,0,0
131433,5,2
131453,2,0
131454,1,1
131460,2,0
131464,4,3
131470,2,0
131485,3,4
131486,2,0
131488,1,0
131493,2,1
131501,3,0
131520,2,5
131522,2,1
131523,2,2
131540,3,4
131546,2,1
131549,2,0
131561,2,1
131574,0,0
131582,2,3
131587,0,0
131596,2,1
131598,2,0
131605,2,1
131616,2,0
131620,3,3
131630,5,2
131634,3,1
131639,2,1
131648,0,1
131666,3,2
131673,0,0
131676,3,1
131678,3,4
131682,3,2
131698,2,0
131705,2,0
131714,2,1
131715,0,0
131728,2,0
131738,0,0
131744,1,2
131750,0,0
131751,2,1
131756,2,1
131757,2,0
131760,2,0
131768,0,1
131784,2,0
131785,3,3
131789,3,1
131790,0,0
131794,2,1
131801,0,0
131835,2,0
131850,1,1
131851,2,1
131857,0,0
131867,2,3
131868,3,1
131870,1,0
131880,1,0
131885,2,2
131888,2,0
131893,2,1
131896,2,0
131898,3,1
131911,2,0
131912,2,1
131940,2,1
131948,2,2
131960,1,0
131962,3,3
131966,5,2
131984,0,0
131986,2,1
131991,2,1
131993,0,0
131999,2,3
132001,2,0
132003,2,1
132022,2,1
132040,1,1
132045,1,1
132049,3,3
132052,1,0
132059,0,1
132066,3,1
132070,0,0
132076,3,3
132088,2,2
132089,2,1
132103,3,3
132108,2,0
132109,3,0
132127,3,0
132131,4,3
132132,4,0
132133,1,1
132134,2,0
132135,2,1
132144,5,2
132151,3,1
132154,2,1
132158,2,0
132159,2,1
132161,4,2
132164,3,0
132168,2,0
132192,3,4
132201,4,1
132203,2,3
132205,3,1
132206,2,0
132208,4,3
132218,1,0
132221,3,4
132235,3,1
132236,2,1
132243,2,1
132254,3,2
132263,2,2
132291,1,0
132293,2,1
132297,2,1
132303,2,0
132308,1,2
132315,0,0
132321,2,0
132325,2,0
132326,2,1
132330,2,2
132345,2,0
132346,2,1
132350,2,2
132396,2,1
132415,2,0
132428,2,0
132433,5,2
132437,3,3
132438,1,0
132441,2,1
132442,2,1
132450,1,0
132456,4,2
132458,2,1
132459,4,1
132461,2,2
132467,2,1
132468,2,1
132483,3,0
132484,5,2
132491,0,0
132495,2,1
132512,2,2
132515,2,1
132521,2,0
132534,2,0
132542,2,0
132544,2,0
132549,2,1
132555,1,0
132561,6,1
132577,2,1
132578,2,1
132582,3,0
132585,1,0
132589,3,1
132600,2,2
132606,2,2
132612,1,0
132613,3,4
132620,2,2
132622,3,1
132628,2,4
132632,2,1
132636,2,2
132638,2,1
132644,0,0
132649,2,0
132652,2,0
132658,2,2
132660,5,2
132666,2,1
132671,2,2
132678,0,0
132685,0,0
132689,2,0
132700,2,0
132707,2,1
132715,0,0
132718,2,1
132721,2,1
132722,2,0
132725,2,1
132734,3,4
132737,2,2
132741,1,0
132745,2,1
132750,2,1
132755,3,4
132762,3,1
132772,2,1
132781,2,2
132791,2,1
132793,3,0
132800,2,1
132803,2,0
132820,1,0
132822,3,0
132825,1,1
132834,2,1
132836,2,0
132841,2,2
132843,1,0
132845,2,0
132846,2,0
132851,1,1
132852,2,2
132868,3,3
132869,3,2
132872,3,1
132875,1,0
132879,1,0
132883,2,0
132885,1,0
132886,0,0
132887,2,1
132888,2,3
132890,2,1
132891,1,0
132893,2,1
132898,1,0
132906,2,0
132909,0,0
132910,2,2
132915,2,1
132921,2,1
132924,0,1
132925,3,3
132932,3,2
132934,2,1
132947,2,1
132959,2,1
132961,3,0
132962,2,2
132975,2,1
132979,2,0
132982,2,2
132988,3,1
133001,3,2
133017,2,0
133025,0,1
133035,2,2
133048,2,1
133050,4,0
133052,2,0
133055,2,1
133057,1,1
133059,2,1
133064,4,3
133075,2,1
133081,3,4
133082,2,0
133087,3,1
133088,0,0
133100,0,0
133106,2,0
133108,3,3
133109,2,1
133121,2,1
133134,2,0
133141,0,0
133143,2,1
133146,4,0
133147,0,0
133150,0,0
133152,2,1
133154,2,0
133171,4,3
133176,2,1
133195,2,3
133207,2,1
133216,2,0
133222,3,1
133224,2,0
133226,4,3
133230,4,3
133246,2,2
133251,2,1
133256,3,0
133263,2,0
133266,3,2
133267,0,0
133272,0,0
133280,3,1
133308,0,0
133309,3,1
133310,4,0
133313,2,0
133315,2,3
133317,2,1
133320,2,0
133343,2,0
133345,2,1
133349,2,1
133350,1,0
133351,2,2
133356,3,2
133360,2,1
133364,2,1
133374,3,1
133378,2,2
133391,2,1
133401,1,0
133405,2,2
133408,3,1
133421,2,0
133429,2,0
133450,3,4
133457,1,1
133482,2,1
133503,0,2
133508,1,0
133509,2,3
133515,1,0
133525,2,1
133526,2,1
133529,2,0
133532,2,1
133545,2,0
133551,3,4
133555,1,0
133559,0,0
133560,2,1
133564,1,1
133571,2,0
133575,0,1
133584,2,2
133610,0,0
133612,2,1
133622,2,0
133623,2,0
133630,2,1
133631,1,0
133635,3,0
133637,2,1
133642,2,0
133643,2,1
133654,2,1
133662,2,1
133676,2,1
133679,4,1
133682,2,1
133688,1,0
133694,3,4
133698,0,0
133701,2,1
133703,2,2
133708,2,0
133721,1,0
133758,0,1
133761,2,2
133766,3,2
133767,2,0
133786,0,0
133794,2,1
133798,4,1
133813,2,2
133816,0,0
133821,2,0
133823,2,4
133830,3,4
133835,2,1
133837,2,2
133843,2,0
133849,2,2
133856,3,1
133864,2,0
133868,2,0
133872,2,1
133873,2,2
133875,2,1
133885,2,1
133900,0,0
133911,2,3
133936,1,1
133948,1,3
133956,0,0
133958,2,2
133963,2,1
133972,0,0
133976,1,1
134000,0,0
134002,2,1
134007,2,1
134015,3,2
134026,0,0
134028,2,1
134032,1,0
134034,4,3
134037,1,0
134047,2,1
134050,0,0
134065,2,1
134086,0,2
134090,3,0
134093,0,0
134104,2,2
134106,2,1
134107,1,0
134124,2,1
134138,2,2
134152,2,1
134159,0,0
134160,2,1
134166,2,0
134170,2,0
134185,3,2
134192,0,0
134197,0,0
134201,2,1
134202,2,3
134220,2,1
134223,2,0
134224,1,0
134245,3,1
134255,1,0
134265,2,0
134270,3,1
134275,2,0
134282,2,2
134285,2,0
134289,2,1
134302,2,0
134317,2,2
134322,2,0
134323,1,1
134324,2,1
134327,2,0
134329,2,1
134330,2,1
134333,1,0
134335,2,0
134336,5,2
134350,3,4
134351,2,1
134358,2,0
134362,0,0
134375,2,1
134377,2,0
134385,2,1
134386,2,0
134389,4,3
134398,2,2
134401,3,1
134411,2,0
134417,3,0
134432,2,0
134444,4,3
134447,4,1
134449,0,0
134456,2,2
134463,2,1
134464,1,0
134468,3,2
134482,3,1
134494,2,1
134497,1,2
134498,2,2
134508,2,1
134512,2,1
134519,1,3
134530,2,1
134539,2,0
134557,3,1
134566,1,0
134574,3,1
134583,1,0
134589,2,1
134592,0,1
134597,2,0
134602,1,1
134611,3,1
134613,2,1
134623,0,0
134625,3,1
134641,1,0
134642,2,2
134647,2,1
134653,1,0
134667,3,1
134668,3,1
134670,2,0
134676,2,0
134677,3,2
134685,0,0
134691,3,1
134703,0,0
134706,2,3
134735,2,0
134737,4,3
134747,2,0
134750,3,1
134757,0,0
134759,2,1
134767,2,1
134769,2,2
134770,2,1
134773,2,3
134783,1,3
134802,2,1
134817,3,1
134822,1,1
134824,2,1
134825,1,1
134835,1,0
134846,6,1
134848,3,2
134852,4,3
134854,2,1
134855,2,2
134857,2,3
134866,1,0
134868,2,2
134888,2,1
134892,4,3
134895,2,2
134896,2,1
134900,2,5
134909,2,1
134916,3,2
134923,3,1
134925,2,2
134928,4,3
134931,3,0
134932,5,2
134933,1,0
134938,0,0
134943,0,1
134962,3,2
134964,2,1
134967,2,1
134968,2,1
134977,2,3
134978,0,0
134989,4,3
134990,2,2
134999,3,1
135006,2,0
135008,2,1
135010,2,0
135017,1,0
135025,2,1
135030,2,2
135035,2,0
135040,1,0
135046,2,1
135047,3,3
135065,3,2
135067,3,2
135074,2,1
135078,2,0
135089,3,1
135090,3,0
135091,2,2
135105,2,0
135111,2,1
135115,0,0
135122,2,0
135123,2,1
135125,6,1
135140,3,2
135194,0,0
135197,2,1
135198,3,3
135204,2,1
135214,2,3
135215,1,1
135219,1,0
135220,2,1
135229,2,1
135235,2,0
135237,0,0
135243,0,0
135245,2,5
135251,0,0
135254,2,1
135261,2,0
135267,2,1
135268,3,3
135270,2,1
135297,2,2
135304,2,2
135326,2,1
135333,1,2
135335,4,2
135336,2,1
135340,2,0
135343,2,1
135349,2,1
135363,3,0
135371,2,1
135385,3,3
135400,2,2
135406,3,0
135408,2,1
135411,0,0
135413,0,0
135415,2,1
135430,2,1
135437,0,1
135439,2,1
135441,2,2
135444,2,1
135452,0,0
135453,0,0
135466,2,1
135477,1,0
135480,3,3
135483,2,0
135485,4,3
135489,2,0
135492,3,4
135497,3,1
135509,0,0
135511,0,0
135518,2,1
135526,3,2
135530,2,1
135535,2,1
135550,2,1
135553,4,1
135556,6,1
135557,1,1
135561,1,1
135564,2,1
135581,2,1
135582,2,2
135587,2,0
135588,2,0
135591,1,0
135593,2,1
135595,2,1
135599,4,3
135611,1,0
135632,0,1
135633,4,2
135642,2,1
135643,2,0
135646,2,1
135648,2,0
135650,0,0
135652,3,1
135658,5,2
135668,2,0
135671,2,2
135681,1,1
135685,2,2
135689,2,1
135690,0,0
135691,2,1
135695,2,1
135703,2,0
135714,2,1
135720,3,1
135726,4,2
135734,1,0
135737,2,1
135742,1,0
135766,2,1
135767,2,2
135784,2,1
135785,0,0
135791,3,3
135795,2,1
135798,2,0
135799,1,0
135803,2,0
135804,0,1
135807,3,2
135808,1,0
135811,3,1
135819,2,1
135827,1,1
135832,2,1
135833,2,0
135838,2,2
135841,2,2
135845,1,1
135852,0,0
135855,2,1
135857,2,1
135858,2,0
135861,0,0
135863,2,1
135873,2,0
135892,3,1
135901,3,1
135904,3,2
135911,2,1
135918,2,2
135920,2,1
135922,0,0
135926,3,0
135937,2,0
135954,2,1
135958,2,1
135961,2,1
135973,3,1
135974,3,1
135976,4,3
135980,4,3
135982,2,0
135995,2,0
135996,1,0
135998,0,0
136001,2,2
136003,2,1
136012,2,1
136045,2,2
136048,2,0
136051,2,0
136061,1,0
136067,1,0
136070,2,2
136084,2,1
136090,2,2
136095,3,2
136099,3,1
136107,2,1
136116,2,2
136131,2,3
136132,2,1
136140,2,1
136146,3,2
136152,2,1
136167,3,0
136185,2,1
136189,1,0
136191,2,1
136210,1,1
136214,1,0
136215,2,1
136218,2,0
136231,2,2
136240,2,1
136242,4,1
136246,2,2
136255,2,2
136263,2,1
136265,2,2
136270,1,0
136279,1,0
136285,2,1
136320,0,0
136324,2,3
136335,0,0
136336,2,2
136338,1,0
136340,3,1
136352,1,1
136356,2,1
136361,2,0
136364,2,2
136369,3,4
136374,3,1
136379,3,4
136382,2,0
136385,2,0
136393,2,0
136408,5,2
136410,2,3
136423,2,1
136425,3,2
136446,1,1
136458,2,1
136459,1,0
136466,2,2
136469,3,2
136481,2,0
136483,2,0
136484,2,0
136491,2,1
136493,1,1
136500,2,1
136504,2,0
136508,2,1
136509,4,3
136514,3,1
136517,2,1
136519,1,1
136536,2,1
136542,0,0
136562,3,4
136572,2,1
136586,3,4
136589,2,0
136596,3,2
136607,2,2
136611,2,1
136627,1,0
136637,2,1
136647,2,1
136652,2,0
136666,0,0
136683,2,1
136686,2,1
136699,2,2
136701,0,0
136704,2,1
136714,2,1
136729,2,2
136730,5,2
136732,2,1
136769,2,2
136770,0,1
136781,1,1
136785,3,1
136792,2,0
136808,2,1
136816,2,1
136824,2,0
136826,2,0
136829,0,0
136837,2,1
136841,2,1
136844,2,1
136862,2,1
136863,2,0
136866,2,2
136878,2,1
136879,2,1
136882,0,0
136887,2,1
136893,2,1
136895,2,1
136907,3,0
136911,3,2
136913,2,1
136914,2,0
136918,2,0
136920,4,3
136925,2,1
136927,5,0
136936,2,2
136937,2,1
136938,2,1
136939,2,1
136940,2,2
136947,2,1
136953,2,1
136963,2,1
136965,2,1
136971,5,2
136972,2,1
136979,2,1
136982,3,1
136984,1,0
136991,2,1
137008,4,3
137024,2,0
137029,2,1
137059,4,1
137066,2,0
137067,2,1
137069,2,0
137074,0,0
137075,2,1
137078,2,1
137083,2,0
137086,0,0
137113,0,0
137114,3,4
137115,2,1
137126,2,2
137130,4,0
137132,1,0
137141,2,2
137147,2,1
137155,4,3
137156,0,0
137157,2,1
137168,4,2
137169,2,1
137170,2,0
137171,2,1
137182,3,1
137198,2,1
137211,2,1
137241,1,2
137245,2,0
137246,2,1
137247,1,2
137254,2,0
137264,2,1
137269,1,1
137271,2,0
137279,3,2
137283,5,1
137284,2,1
137287,2,0
137306,2,1
137309,2,1
137321,2,2
137327,0,0
137329,2,2
137331,4,2
137342,2,0
137355,2,0
137364,1,2
137373,2,0
137389,1,1
137402,2,0
137412,2,1
137415,4,3
137438,2,2
137452,2,3
137454,0,0
137456,0,0
137458,0,1
137461,2,2
137465,0,2
137467,3,1
137471,2,1
137472,1,0
137486,2,1
137487,3,4
137491,4,1
137501,0,0
137502,0,0
137506,2,2
137514,0,0
137516,2,2
137525,2,1
137527,3,1
137541,0,0
137561,3,2
137569,2,1
137580,2,0
137581,0,0
137588,2,1
137595,2,1
137596,2,0
137598,2,0
137605,2,0
137614,0,0
137615,3,2
137620,2,2
137648,2,2
137649,2,2
137656,3,1
137666,2,0
137667,2,0
137670,2,1
137672,2,1
137675,2,1
137679,2,0
137683,4,3
137715,0,2
137719,2,0
137720,2,0
137724,3,0
137725,0,0
137726,2,1
137727,3,1
137734,0,0
137742,0,0
137746,1,0
137761,1,1
137763,3,4
137792,4,3
137800,2,0
137806,1,0
137811,3,0
137815,2,1
137821,2,0
137832,2,1
137834,2,1
137839,3,3
137840,0,1
137843,2,1
137846,2,1
137847,2,0
137858,1,0
137860,2,1
137867,3,4
137876,0,0
137877,4,0
137881,3,1
137884,2,2
137897,3,1
137904,4,1
137921,2,0
137949,5,2
137957,0,0
137958,2,0
137960,1,1
137970,0,0
137983,2,1
137986,2,1
137990,2,1
137991,2,2
138000,2,1
138001,3,0
138002,2,1
138003,2,1
138004,2,2
138005,2,0
138009,1,1
138011,0,0
138014,4,3
138015,2,1
138028,2,2
138035,6,1
138056,1,0
138057,0,0
138064,2,1
138069,2,1
138071,0,0
138073,2,1
138075,2,0
138092,0,0
138094,3,1
138097,2,2
138102,0,0
138112,0,0
138114,0,1
138118,3,4
138125,2,0
138129,2,0
138142,2,1
138143,2,2
138157,2,1
138163,2,2
138227,6,2
138230,2,1
138232,2,1
138247,2,0
138262,2,0
138267,0,0
138268,2,0
138277,4,1
138281,3,2
138282,2,1
138290,4,3
138302,5,1
138319,5,2
138320,3,1
138329,1,1
138332,2,1
138337,0,0
138343,2,0
138348,2,1
138351,3,0
138354,1,1
138365,0,0
138366,1,0
138375,2,1
138379,2,0
138380,2,1
138382,5,2
138383,2,1
138386,2,1
138387,3,1
138393,2,0
138396,3,0
138410,1,1
138415,3,2
138441,2,0
138447,2,0
138450,2,0
138454,1,0
138457,2,0
138458,2,1
138460,3,2
138465,2,1
138466,2,0
138475,2,1
138486,2,1
138487,1,1
138505,3,0
138507,2,2
138512,0,0
138514,1,1
138517,2,1
138519,2,1
138523,4,3
138524,2,1
138529,2,0
138540,0,0
138543,1,1
138545,2,2
138550,3,2
138554,3,4
138557,2,0
138560,2,1
138567,2,0
138568,6,1
138570,2,1
138571,4,3
138592,2,0
138597,2,0
138607,2,1
138608,0,0
138609,2,0
138610,0,0
138617,1,0
138618,2,2
138622,0,0
138623,2,1
138624,1,0
138634,1,0
138637,2,1
138643,2,1
138645,5,2
138648,2,0
138649,3,2
138650,3,2
138662,2,0
138666,2,1
138671,1,1
138673,1,1
138685,2,1
138686,2,1
138689,2,0
138692,2,2
138693,0,1
138721,3,0
138734,2,0
138753,3,1
138757,1,0
138763,2,0
138764,2,1
138787,2,2
138797,2,1
138798,3,2
138803,3,2
138810,2,0
138815,4,3
138816,1,0
138818,2,1
138821,2,1
138840,2,0
138842,1,0
138850,2,1
138863,2,0
138866,0,0
138870,2,0
138871,2,1
138880,2,2
138895,0,0
138904,1,0
138909,1,0
138911,4,0
138916,2,2
138928,2,0
138941,2,1
138947,2,2
138955,2,1
138958,2,2
138966,3,1
138977,2,2
138993,2,1
138994,3,1
138999,2,1
139003,2,2
139007,3,2
139018,4,3
139019,2,0
139022,5,2
139027,1,1
139031,3,1
139033,0,1
139038,0,0
139050,1,0
139058,3,4
139061,2,1
139062,4,3
139075,2,1
139080,2,1
139095,3,2
139096,2,1
139113,1,2
139123,1,1
139124,4,3
139141,2,2
139144,2,0
139145,2,1
139147,2,1
139155,2,1
139156,2,1
139157,2,0
139158,2,1
139163,2,1
139171,2,1
139174,0,0
139176,1,1
139177,3,0
139181,2,2
139187,2,1
139191,3,1
139196,1,1
139198,3,1
139202,2,1
139225,2,0
139244,3,2
139246,2,1
139250,3,1
139259,2,2
139264,1,1
139270,2,1
139274,3,3
139280,3,1
139289,2,2
139290,3,3
139292,2,1
139293,3,3
139299,3,2
139304,3,2
139306,2,1
139309,1,1
139333,2,1
139345,2,1
139366,2,2
139373,2,2
139379,2,0
139385,2,1
139395,2,1
139396,3,2
139401,0,0
139404,2,1
139407,1,0
139416,2,1
139429,2,1
139434,3,1
139443,3,0
139456,2,0
139457,4,1
139460,1,1
139462,0,0
139468,5,2
139469,2,0
139480,2,1
139482,5,2
139485,0,0
139498,3,1
139500,2,1
139505,2,1
139512,2,0
139513,2,2
139515,0,0
139516,2,0
139520,2,0
139535,2,1
139540,1,2
139563,2,3
139569,1,0
139577,0,0
139588,2,0
139606,2,1
139608,2,1
139614,2,1
139619,1,1
139624,3,0
139632,2,2
139644,3,1
139686,2,0
139689,2,2
139697,2,1
139710,2,3
139712,1,1
139754,2,0
139759,2,1
139762,3,3
139764,1,0
139770,2,0
139778,2,2
139783,2,1
139789,2,2
139798,0,0
139810,1,1
139815,2,2
139819,5,1
139825,3,2
139838,0,1
139865,3,0
139869,2,2
139884,3,0
139890,2,0
139895,4,0
139899,2,0
139907,1,1
139910,2,1
139913,2,1
139923,2,2
139937,5,1
139943,2,2
139953,2,2
139959,2,1
139970,1,0
139971,2,0
139976,3,3
139983,1,1
139987,3,3
139993,2,3
139998,1,0
140013,3,1
140015,1,2
140027,2,1
140034,2,0
140040,3,1
140062,2,2
140081,2,1
140097,0,0
140098,1,0
140101,1,0
140106,2,1
140110,2,1
140115,3,1
140117,3,1
140118,2,2
140125,2,1
140141,1,0
140142,2,0
140143,2,1
140144,2,1
140146,1,1
140147,2,1
140148,2,0
140150,2,2
140151,3,1
140159,2,1
140165,0,0
140168,2,1
140170,1,0
140188,2,1
140208,2,1
140213,2,0
140231,2,1
140241,2,2
140244,2,1
140246,1,3
140248,0,1
140250,2,1
140254,2,1
140264,2,3
140265,2,2
140269,2,1
140272,0,0
140274,2,1
140278,2,2
140294,1,1
140296,2,0
140304,2,1
140314,1,0
140323,3,2
140336,2,2
140341,0,1
140342,2,1
140353,3,4
140364,2,0
140366,2,0
140371,0,0
140372,2,0
140376,2,2
140379,2,1
140383,2,0
140384,2,1
140386,0,0
140390,0,0
140402,2,0
140407,2,0
140410,2,0
140413,2,3
140419,2,0
140442,2,1
140449,2,2
140461,2,1
140465,0,0
140468,2,1
140479,2,0
140486,2,0
140495,3,4
140504,3,2
140517,5,2
140518,2,0
140519,0,2
140522,0,0
140528,0,0
140530,2,2
140538,2,2
140539,2,0
140540,3,4
140545,2,1
140549,2,1
140558,0,0
140566,2,2
140569,3,4
140574,3,1
140575,1,0
140577,0,0
140580,1,0
140586,0,0
140593,6,1
140599,2,2
140621,2,2
140625,2,0
140626,2,0
140630,3,2
140645,2,0
140648,3,1
140657,2,0
140682,2,1
140690,2,1
140707,2,0
140739,2,1
140753,0,0
140758,4,3
140766,2,1
140770,2,1
140773,2,2
140777,2,1
140780,0,1
140792,0,0
140800,2,1
140805,2,1
140829,2,1
140832,1,0
140841,2,3
140842,2,1
140850,3,3
140852,2,1
140861,4,3
140875,3,1
140878,2,1
140884,4,3
140887,2,1
140892,3,1
140893,2,0
140897,0,0
140901,1,0
140905,2,1
140907,2,0
140916,2,0
140917,0,0
140933,3,1
140943,0,0
140946,3,1
140953,2,0
140966,2,2
140972,2,1
140975,4,3
140986,3,2
140989,2,1
140995,3,1
141001,0,0
141015,2,1
141019,0,0
141023,0,0
141033,0,2
141037,2,1
141041,2,1
141048,2,2
141050,2,3
141059,2,1
141063,0,0
141067,6,1
141073,3,3
141082,2,5
141085,2,2
141092,4,0
141095,2,1
141096,2,1
141103,1,0
141107,0,0
141116,0,0
141118,0,0
141123,3,0
141131,1,1
141148,0,0
141152,2,0
141161,0,0
141202,1,0
141203,1,0
141204,2,1
141205,0,0
141206,2,1
141207,2,1
141209,2,1
141212,3,1
141213,2,1
141217,2,2
141221,2,2
141226,2,1
141227,2,1
141233,1,1
141238,2,0
141239,4,3
141240,2,1
141241,2,1
141246,0,0
141272,2,2
141273,5,2
141280,2,2
141283,2,1
141294,3,1
141305,2,2
141338,2,1
141344,2,0
141346,2,0
141350,3,1
141361,4,3
141397,2,1
141401,2,1
141403,3,1
141406,2,1
141409,3,1
141418,2,0
141420,3,1
141421,2,1
141427,2,2
141431,3,1
141438,2,0
141452,2,1
141454,2,1
141455,2,1
141456,2,1
141457,1,1
141458,0,1
141497,2,0
141498,1,0
141517,0,1
141521,1,1
141523,3,1
141529,3,4
141534,0,0
141535,2,1
141537,2,0
141544,2,1
141546,0,0
141558,3,2
141561,2,1
141563,3,4
141567,2,0
141580,2,0
141581,2,1
141584,3,1
141592,3,3
141599,1,3
141612,3,0
141617,2,0
141624,2,1
141630,2,1
141634,2,1
141650,2,0
141652,3,2
141664,2,3
141665,2,1
141669,2,1
141670,2,0
141677,3,4
141678,2,2
141680,3,3
141683,3,4
141686,4,3
141688,3,3
141692,1,0
141693,2,1
141694,3,1
141695,3,4
141698,4,2
141706,1,0
141709,2,2
141724,2,0
141733,0,0
141755,2,2
141764,0,1
141768,2,1
141774,1,2
141784,2,1
141785,4,3
141788,2,0
141791,2,2
141801,0,0
141806,2,0
141807,2,0
141810,2,1
141812,3,1
141813,3,2
141816,4,4
141818,3,5
141829,2,2
141832,2,0
141851,3,1
141869,2,0
141878,0,0
141886,1,0
141888,2,1
141897,6,0
141923,2,0
141930,3,2
141932,2,2
141939,2,1
141949,2,1
141960,2,1
141969,2,1
141978,2,1
141991,2,1
141994,2,0
142001,2,1
142008,2,1
142017,2,0
142021,2,1
142027,2,1
142029,2,2
142033,2,1
142037,2,1
142038,2,2
142054,1,1
142076,2,1
142092,3,1
142098,3,2
142099,3,0
142108,2,1
142114,0,0
142117,2,0
142120,0,0
142124,4,3
142132,1,0
142142,2,2
142151,2,1
142153,2,2
142155,2,0
142156,2,0
142157,3,4
142168,0,0
142170,2,0
142171,2,1
142176,2,0
142182,2,1
142183,1,1
142198,5,2
142212,1,0
142215,2,0
142218,2,2
142219,2,1
142221,2,1
142223,0,0
142224,2,1
142229,2,1
142249,2,1
142264,1,1
142274,0,0
142275,3,1
142281,0,0
142293,3,3
142301,2,1
142318,0,0
142320,1,0
142324,2,0
142329,1,0
142331,2,0
142336,2,1
142351,4,3
142354,2,1
142355,3,2
142357,1,1
142358,2,1
142362,1,0
142363,2,1
142364,2,2
142367,3,3
142380,2,0
142386,0,0
142387,2,1
142389,2,1
142391,0,0
142392,2,1
142393,2,0
142414,2,0
142418,2,1
142422,2,0
142430,2,2
142454,0,0
142465,1,1
142473,3,1
142474,2,0
142475,2,2
142498,2,0
142507,2,0
142512,2,0
142516,2,0
142517,2,0
142518,1,1
142519,2,0
142528,2,0
142529,1,0
142550,0,0
142552,2,0
142554,2,1
142557,2,1
142579,1,2
142581,2,1
142582,0,0
142583,0,0
142584,3,1
142594,2,1
142596,1,0
142601,3,2
142609,0,0
142624,0,1
142639,2,0
142645,2,1
142647,2,2
142651,4,3
142655,2,0
142657,3,2
142663,2,1
142678,2,2
142680,2,1
142688,2,1
142694,4,1
142695,1,0
142701,4,1
142712,2,1
142720,1,0
142744,2,2
142754,2,1
142766,1,1
142777,2,0
142788,2,2
142795,5,2
142797,2,0
142808,0,0
142814,4,2
142820,3,1
142821,2,1
142822,2,1
142842,2,1
142850,1,0
142851,2,0
142852,2,1
142859,2,0
142860,2,2
142861,2,1
142862,0,0
142863,2,0
142864,2,0
142865,2,0
142866,1,0
142881,2,2
142884,2,0
142885,2,1
142899,2,2
142909,3,3
142915,2,2
142918,0,0
142924,0,0
142929,3,1
142937,4,2
142946,2,0
142960,2,2
142962,2,2
142966,2,1
142967,2,0
142975,2,1
142979,2,1
142991,2,2
142994,3,2
142995,2,1
142996,2,0
142998,0,0
142999,0,0
143005,0,0
143007,2,4
143009,3,2
143013,2,0
143023,3,2
143025,2,0
143039,2,0
143071,1,0
143086,2,3
143087,0,0
143093,2,1
143102,2,1
143109,2,0
143114,2,1
143118,2,1
143128,0,0
143132,3,2
143138,2,1
143241,2,1
143242,1,1
143256,4,0
143260,0,0
143263,0,0
143270,2,2
143286,2,0
143287,2,1
143288,0,0
143289,2,1
143294,2,1
143304,3,1
143310,3,4
143314,3,1
143317,1,0
143325,2,2
143335,2,0
143342,3,1
143344,2,0
143361,2,0
143363,2,1
143369,2,0
143372,3,1
143385,2,0
143392,3,2
143403,2,1
143413,2,0
143415,3,2
143417,2,0
143421,0,2
143422,2,0
143425,0,0
143446,2,2
143462,0,0
143463,3,4
143465,2,1
143466,2,3
143467,2,1
143469,2,1
143486,2,1
143495,1,1
143497,2,1
143518,2,1
143522,3,2
143523,0,0
143528,2,2
143529,2,1
143532,2,0
143540,2,3
143545,2,1
143550,2,0
143555,2,1
143556,2,1
143562,2,0
143567,2,0
143570,2,2
143575,3,1
143579,2,1
143584,2,1
143594,4,3
143601,1,0
143618,0,1
143620,3,0
143626,3,1
143631,2,1
143639,4,0
143650,2,1
143652,1,0
143654,1,0
143667,2,2
143685,2,2
143686,2,1
143689,3,3
143693,0,0
143699,2,1
143710,3,4
143718,2,1
143730,2,1
143732,2,1
143733,0,0
143738,1,0
143743,1,0
143745,2,1
143750,0,0
143752,2,1
143757,0,0
143760,2,0
143761,1,1
143768,0,0
143784,3,1
143788,2,1
143790,0,0
143792,2,1
143806,2,0
143812,5,2
143813,3,4
143829,2,2
143839,1,0
143857,3,1
143863,3,0
143868,2,1
143870,2,1
143872,2,0
143875,2,1
143880,3,2
143885,2,0
143889,2,1
143895,3,3
143902,2,0
143911,2,0
143918,1,1
143934,1,3
143938,0,0
143950,2,0
143953,1,1
143955,2,1
143974,2,1
143978,3,1
143989,3,1
143993,2,1
143994,2,0
143996,4,0
144005,2,1
144019,2,1
144034,0,0
144035,1,1
144036,0,0
144041,1,1
144054,2,3
144057,2,1
144063,2,3
144068,1,2
144069,2,1
144073,0,0
144077,2,1
144078,3,1
144082,0,0
144083,2,1
144085,0,2
144094,2,1
144095,2,1
144104,1,1
144118,3,1
144130,2,0
144145,3,2
144150,3,1
144163,3,2
144176,2,1
144179,6,1
144182,1,3
144196,2,0
144200,1,1
144203,2,1
144209,2,0
144210,2,1
144220,2,1
144229,0,0
144232,2,0
144237,3,3
144239,2,1
144244,5,2
144250,2,0
144255,2,0
144261,2,0
144263,2,0
144267,2,1
144275,3,0
144278,2,2
144284,3,1
144285,2,0
144286,2,1
144301,2,2
144304,2,2
144310,2,1
144329,2,0
144338,3,1
144349,2,1
144358,0,0
144362,2,2
144363,2,0
144365,2,3
144367,2,1
144369,1,0
144371,0,0
144374,2,1
144381,2,1
144382,2,1
144388,2,0
144398,3,4
144405,2,2
144414,2,0
144417,0,0
144430,0,0
144434,3,2
144445,0,0
144452,3,1
144455,0,0
144468,2,1
144470,3,1
144473,3,1
144478,2,0
144497,2,2
144501,1,1
144507,2,4
144527,2,0
144532,1,0
144555,2,1
144560,2,0
144566,1,0
144571,3,2
144588,2,1
144596,2,0
144599,0,1
144611,3,1
144614,3,1
144616,2,1
144627,2,5
144673,2,1
144677,3,1
144679,2,2
144685,0,0
144695,1,0
144698,2,1
144705,3,1
144714,1,1
144717,2,1
144736,1,0
144753,3,4
144772,2,1
144778,2,0
144780,0,0
144783,2,0
144808,0,1
144812,1,1
144815,6,1
144824,0,0
144825,2,1
144847,2,2
144879,1,4
144890,0,0
144900,2,1
144908,2,1
144914,2,3
144916,0,0
144926,5,2
144933,2,3
144953,0,0
144954,2,1
144967,1,0
144972,3,1
144974,4,1
144979,4,0
144988,4,3
144989,2,0
145006,2,1
145014,3,2
145020,2,0
145022,2,5
145023,2,0
145025,2,1
145028,2,1
145030,0,0
145033,2,1
145041,3,4
145051,3,4
145055,3,0
145060,4,0
145068,2,0
145074,1,0
145079,5,2
145103,0,0
145117,2,0
145118,0,0
145119,3,4
145120,3,1
145144,5,2
145151,0,1
145153,2,2
145165,3,1
145166,2,0
145171,0,0
145176,3,1
145177,3,0
145186,2,0
145197,2,1
145202,1,1
145209,1,1
145224,0,0
145271,0,0
145272,4,1
145278,2,1
145286,2,1
145293,2,1
145300,1,1
145301,2,0
145306,1,0
145313,2,1
145321,2,1
145323,2,2
145329,2,0
145343,3,4
145361,2,0
145370,2,1
145389,4,3
145397,2,3
145415,2,1
145416,2,1
145420,3,1
145433,2,3
145434,2,1
145439,3,3
145454,2,1
145462,6,1
145472,2,1
145478,1,0
145495,0,0
145496,2,0
145497,0,2
145503,0,0
145505,3,4
145506,3,2
145508,2,0
145513,2,2
145519,2,1
145522,2,1
145525,4,1
145536,2,1
145549,5,2
145562,2,1
145563,0,0
145568,0,0
145574,0,0
145577,2,1
145581,2,1
145583,2,0
145616,2,0
145617,2,2
145621,3,4
145625,2,1
145633,1,0
145640,0,0
145650,2,1
145654,2,1
145667,2,1
145678,2,1
145679,2,2
145687,2,1
145702,2,0
145710,2,2
145713,2,0
145716,2,0
145717,3,4
145721,2,0
145722,0,0
145724,2,1
145732,3,1
145746,1,1
145752,2,2
145763,0,0
145773,2,1
145776,2,2
145779,1,0
145781,2,2
145783,2,2
145785,0,0
145790,2,0
145792,0,1
145794,0,0
145796,1,0
145800,3,2
145803,2,1
145804,4,1
145813,3,1
145827,1,0
145837,3,1
145839,0,0
145854,3,2
145856,4,3
145876,0,0
145877,4,3
145882,2,1
145887,2,1
145888,3,2
145891,4,2
145896,2,3
145925,0,0
145934,2,0
145936,2,0
145944,2,0
145960,2,0
145961,2,1
145970,0,0
145976,2,1
145987,2,1
145989,3,1
145995,2,1
146001,1,1
146003,2,1
146004,0,1
146011,3,2
146039,2,1
146051,0,0
146056,0,0
146060,2,1
146066,5,2
146077,3,2
146091,2,1
146092,2,0
146101,2,1
146132,1,0
146133,2,2
146134,1,2
146143,4,3
146144,2,1
146162,0,1
146172,2,0
146182,2,1
146185,2,1
146187,2,1
146193,3,2
146199,2,1
146214,2,0
146219,2,1
146220,3,0
146223,3,1
146230,3,2
146243,0,1
146245,2,0
146260,1,1
146264,0,2
146267,2,1
146275,1,0
146310,1,1
146318,2,1
146319,2,2
146325,2,0
146338,2,2
146347,2,2
146353,2,2
146359,5,2
146368,2,1
146372,0,3
146378,0,0
146389,2,1
146396,2,1
146400,2,3
146407,2,1
146413,4,3
146414,2,1
146415,2,1
146416,0,1
146417,6,1
146422,2,0
146439,2,0
146466,5,1
146479,0,0
146488,4,2
146494,2,1
146552,3,2
146561,2,0
146568,2,1
146595,1,1
146600,2,1
146605,3,4
146607,1,0
146616,2,1
146634,2,2
146635,3,2
146639,2,1
146661,3,4
146662,2,3
146666,0,1
146683,2,0
146688,2,3
146694,3,2
146695,3,4
146713,3,2
146724,4,0
146740,2,4
146746,2,2
146749,2,0
146772,2,2
146782,3,0
146788,2,0
146799,2,0
146806,0,0
146810,2,1
146816,2,0
146819,2,1
146857,3,1
146860,2,1
146865,2,0
146868,2,1
146876,2,2
146883,0,0
146899,2,0
146901,2,1
146916,2,1
146926,1,0
146945,2,1
146955,1,0
147000,1,3
147004,2,1
147015,2,2
147017,1,1
147022,2,1
147023,2,2
147034,2,0
147040,2,0
147044,3,1
147049,0,0
147066,2,1
147068,3,2
147088,2,3
147099,1,0
147101,0,0
147111,2,1
147112,4,3
147122,2,1
147134,0,0
147138,2,0
147139,1,0
147143,2,2
147144,2,1
147155,3,1
147160,2,1
147180,1,0
147188,3,1
147213,2,0
147223,0,1
147231,2,0
147232,2,1
147238,2,1
147278,2,0
147284,2,1
147290,2,0
147291,0,1
147297,2,1
147299,3,0
147309,3,1
147330,2,2
147335,2,1
147353,1,1
147361,3,1
147366,2,0
147372,2,2
147377,2,1
147380,0,0
147413,2,1
147421,2,1
147430,0,0
147433,2,0
147434,2,0
147436,2,2
147448,0,1
147449,2,1
147462,2,0
147466,3,1
147470,0,1
147471,3,2
147478,0,0
147506,2,1
147508,0,0
147518,2,0
147532,1,0
147539,2,1
147544,2,0
147547,2,1
147550,2,2
147555,0,0
147563,2,1
147569,2,0
147572,3,2
147574,0,0
147591,3,1
147595,2,3
147615,2,1
147626,2,2
147641,2,1
147643,3,1
147648,3,3
147654,2,2
147689,2,0
147717,2,2
147719,2,1
147724,2,1
147743,1,0
147752,2,3
147773,0,0
147776,2,1
147777,2,1
147786,2,1
147792,2,1
147802,2,1
147821,0,0
147823,2,1
147837,3,3
147853,1,0
147854,3,1
147874,2,1
147898,2,1
147901,1,0
147903,2,0
147910,2,0
147913,1,0
147919,2,0
147920,3,4
147931,2,1
147945,2,2
147959,2,1
147984,3,1
147988,3,2
147995,3,4
148002,2,0
148014,2,2
148016,1,1
148043,2,1
148056,2,0
148061,2,1
148062,2,3
148064,2,2
148074,1,0
148107,1,0
148122,2,0
148123,3,3
148126,2,1
148129,1,1
148135,2,0
148136,2,1
148153,2,0
148180,2,1
148198,3,2
