90001,1,1
90017,3,4
90028,1,2
90032,1,3
90035,2,3
90051,1,2
90070,1,3
90078,3,1
90079,0,0
90083,2,1
90087,1,1
90089,1,3
90091,2,3
90092,1,2
90093,3,4
90113,0,0
90116,2,4
90132,1,2
90142,1,2
90144,1,3
90149,3,2
90154,1,3
90155,1,0
90162,3,1
90171,3,4
90174,1,3
90175,1,3
90192,1,3
90204,1,1
90206,0,0
90209,1,1
90212,1,2
90213,1,3
90219,2,2
90223,2,3
90224,3,1
90230,1,3
90236,2,3
90247,1,3
90252,1,3
90254,1,3
90256,1,3
90258,3,4
90260,1,2
90275,1,0
90279,0,1
90280,1,3
90290,0,0
90294,1,2
90299,2,3
90320,2,3
90322,2,3
90329,1,1
90335,0,0
90350,3,3
90352,3,4
90359,1,3
90368,1,3
90386,1,0
90388,1,2
90401,1,2
90403,1,3
90407,2,2
90410,3,2
90416,1,0
90417,0,1
90423,1,3
90432,1,3
90436,3,2
90444,3,4
90450,1,3
90468,1,4
90470,1,2
90472,3,0
90486,2,3
90487,0,3
90498,2,5
90503,1,1
90515,2,3
90516,1,3
90525,1,1
90538,1,2
90548,1,1
90549,2,1
90560,1,0
90561,1,0
90573,1,2
90576,1,3
90580,1,3
90581,1,3
90583,1,3
90587,2,3
90593,1,0
90595,0,0
90600,2,3
90605,1,2
90611,2,2
90613,2,4
90619,1,0
90622,0,0
90623,0,3
90626,1,2
90627,1,1
90646,1,2
90652,1,1
90657,1,2
90673,0,2
90681,1,1
90682,1,3
90686,1,3
90696,1,3
90697,2,1
90703,1,1
90707,2,2
90721,3,4
90723,0,0
90725,2,3
90729,0,0
90738,1,2
90739,1,3
90748,0,0
90756,1,1
90766,1,1
90767,0,0
90774,1,3
90785,1,3
90788,1,0
90789,3,4
90812,1,1
90816,1,3
90820,1,3
90826,1,3
90833,3,4
90845,1,2
90857,3,3
90861,2,3
90864,2,3
90873,1,4
90879,2,3
90882,2,2
90886,1,2
90897,0,0
90901,1,3
90902,1,3
90911,0,0
90914,2,3
90931,2,2
90934,3,4
90939,1,3
90946,2,3
90954,2,4
90958,1,0
90969,1,0
90977,0,0
90987,3,4
90995,1,1
90998,0,2
91003,1,2
91020,1,0
91043,1,3
91050,1,3
91060,0,1
91062,1,0
91071,1,3
91076,2,5
91079,1,2
91080,2,5
91050,1,3
91060,0,1
91062,1,0
91071,1,3
91076,2,5
91079,1,2
91080,2,5
91082,1,3
91083,3,4
91099,1,2
91114,0,1
91136,1,2
91138,1,3
91139,0,0
91143,3,2
91164,2,3
91170,1,3
91171,1,4
91172,3,4
91173,1,1
91185,1,0
91189,0,0
91192,1,3
91199,0,0
91204,1,2
91210,3,2
91217,2,3
91218,3,4
91222,1,3
91223,2,2
91226,1,3
91228,1,2
91236,1,2
91245,2,2
91261,2,4
91267,1,3
91270,1,3
91275,0,0
91276,1,0
91278,1,2
91288,3,4
91293,1,3
91294,0,0
91295,1,1
91297,1,3
91305,1,2
91314,2,1
91316,1,3
91317,1,1
91329,2,2
91338,1,3
91342,1,2
91345,1,0
91358,2,3
91361,3,4
91377,3,1
91380,1,3
91386,3,4
91387,1,2
91391,1,3
91399,3,4
91417,1,2
91418,1,1
91421,1,2
91432,1,2
91436,2,2
91438,1,1
91439,1,3
91450,1,1
91459,1,3
91461,0,2
91467,2,4
91473,1,4
91475,1,3
91478,0,0
91480,1,3
91487,1,4
91489,1,3
91501,1,0
91512,1,3
91513,1,2
91516,3,4
91519,2,4
91527,0,0
91533,3,3
91549,1,2
91559,1,3
91562,3,4
91565,1,3
91569,1,3
91577,1,3
91600,1,2
91607,1,3
91621,1,0
91630,2,4
91631,1,3
91632,3,1
91636,3,1
91640,3,4
91641,2,3
91647,1,2
91648,1,2
91653,1,1
91654,2,2
91673,0,0
91677,2,2
91680,1,3
91682,3,4
91688,2,2
91690,0,0
91705,3,4
91706,0,1
91710,1,1
91711,3,4
91717,2,3
91722,1,2
91740,3,4
91744,1,4
91745,0,1
91748,1,2
91749,1,3
91761,2,2
91762,1,3
91772,3,4
91774,3,4
91791,2,2
91793,1,1
91800,1,3
91803,2,2
91804,1,1
91806,2,2
91825,2,2
91830,1,0
91833,1,2
91835,1,3
91852,0,0
91854,3,2
91867,3,4
91872,1,2
91883,1,1
91884,3,4
91890,1,1
91897,1,0
91908,2,4
91909,1,2
91910,1,3
91913,3,4
91914,1,3
91921,1,3
91922,3,4
91925,2,4
91926,1,1
91927,1,3
91941,1,0
91945,1,2
91946,1,2
91947,1,1
91950,1,1
91957,3,4
91971,1,3
91972,0,0
91973,1,1
91974,3,4
91975,3,3
91984,3,4
91991,1,3
92001,1,2
92002,1,2
92024,1,3
92032,1,3
92039,0,1
92050,2,1
92053,1,0
92071,3,2
92095,2,5
92101,0,0
92102,2,2
92111,3,3
92122,2,3
92136,1,2
92138,2,3
92145,1,1
92147,3,4
92156,2,1
92160,1,3
92167,1,3
92168,1,1
92174,2,3
92176,1,3
92178,1,4
92183,1,1
92188,1,3
92196,3,4
92197,2,3
92207,1,3
92217,1,3
92225,1,2
92235,1,2
92237,2,3
92248,0,0
92259,1,0
92263,1,3
92265,2,2
92267,1,2
92272,1,3
92273,2,2
92284,1,3
92285,1,3
92291,1,2
92298,2,0
92303,0,1
92306,1,3
92309,1,3
92314,3,4
92317,2,2
92329,0,0
92330,1,2
92331,2,0
92332,1,2
92336,1,2
92347,1,3
92349,1,1
92351,1,3
92355,0,0
92356,1,3
92368,1,1
92370,3,3
92376,1,0
92379,0,0
92380,1,4
92388,1,3
92389,1,3
92400,2,5
92402,3,4
92403,1,1
92406,1,1
92409,2,3
92414,1,2
92420,0,0
92421,1,3
92433,3,4
92439,1,1
92441,2,2
92450,1,2
92452,1,3
92459,1,3
92460,1,2
92466,1,3
92470,1,3
92475,1,2
92476,1,2
92480,1,3
92491,1,3
92505,1,3
92506,1,3
92525,0,1
92531,3,4
92533,1,3
92549,2,5
92557,2,5
92558,1,1
92562,3,4
92569,1,3
92588,1,3
92592,1,1
92595,1,3
92598,1,2
92605,1,1
92611,1,4
92616,1,2
92625,1,4
92626,2,1
92641,2,1
92645,3,3
92654,3,4
92666,1,1
92668,1,3
92673,0,0
92693,1,2
92704,0,2
92709,1,3
92713,1,3
92733,1,3
92735,1,4
92745,1,3
92746,1,2
92749,1,2
92751,1,0
92765,1,3
92776,1,1
92797,1,2
92805,2,4
92811,3,3
92825,1,2
92829,0,0
92839,3,4
92845,2,3
92847,2,2
92851,0,0
92859,1,3
92860,1,2
92865,0,0
92884,1,3
92899,2,3
92901,3,4
92902,1,1
92906,1,3
92911,3,3
92916,1,3
92920,1,2
92926,2,3
92939,2,3
92940,1,2
92944,2,3
92952,1,3
92956,0,0
92958,1,3
92968,3,4
92974,1,3
93001,3,2
93002,1,3
93011,1,0
93013,1,2
93019,0,0
93021,1,3
93040,2,2
93055,1,1
93058,1,3
93059,2,2
93067,1,4
93077,1,2
93079,2,3
93082,1,0
93085,3,4
93094,2,3
93102,2,3
93103,2,3
93108,3,1
93120,3,4
93131,2,3
93137,1,4
93148,1,3
93159,2,3
93174,2,2
93177,1,4
93186,1,2
93203,1,0
93206,2,2
93213,3,4
93214,1,3
93219,1,3
93228,3,4
93231,1,3
93236,2,3
93243,1,3
93250,1,2
93251,1,4
93256,1,1
93269,1,3
93279,3,2
93282,2,3
93287,1,3
93297,1,2
93299,2,4
93305,1,2
93307,2,2
93314,1,3
93317,2,4
93318,3,2
93320,1,3
93323,3,3
93326,2,5
93341,3,4
93342,3,4
93355,1,4
93369,1,3
93384,3,2
93394,2,3
93396,1,0
93408,1,2
93420,1,3
93426,1,1
93443,1,3
93452,1,0
93456,1,3
93468,1,4
93470,2,4
93474,3,3
93476,1,1
93482,0,0
93484,2,5
93485,3,4
93495,1,4
93514,3,4
93531,1,3
93537,2,3
93538,1,2
93556,1,2
93557,2,3
93573,1,3
93579,0,0
93589,1,3
93593,2,5
93596,1,2
93600,1,1
93610,1,3
93616,2,2
93626,3,4
93631,1,2
93633,1,2
93637,0,0
93638,1,3
93641,1,3
93657,1,3
93661,3,2
93662,1,1
93667,1,1
93669,3,4
93671,1,3
93672,3,4
93678,2,3
93679,2,4
93682,1,3
93685,1,0
93686,1,2
93689,2,3
93690,1,3
93693,1,3
93698,1,1
93706,1,1
93707,1,3
93710,1,3
93715,3,4
93721,1,4
93722,1,1
93729,3,3
93739,1,2
93749,1,2
93758,1,0
93761,3,2
93764,1,3
93774,1,3
93784,2,3
93791,3,2
93794,1,2
93795,2,2
93802,1,4
93813,3,4
93817,2,2
93833,1,3
93834,1,2
93840,1,2
93851,0,1
93858,0,1
93868,1,2
93871,1,3
93877,3,3
93886,1,3
93895,1,2
93903,1,0
93908,1,3
93914,1,3
93920,1,2
93925,3,4
93926,2,3
93927,1,3
93942,1,2
93951,1,3
93953,2,3
93955,0,2
93960,1,2
93963,3,4
93968,1,3
93971,1,3
93978,3,2
93980,2,2
93987,0,0
93991,1,3
93999,1,2
94002,2,2
94009,3,4
94012,2,3
94024,1,2
94028,3,4
94042,1,3
94044,1,2
94048,0,0
94053,1,2
94060,2,4
94062,1,3
94088,2,3
94089,1,2
94091,1,1
94095,1,2
94099,2,3
94105,1,3
94118,3,4
94122,1,3
94130,1,2
94140,1,3
94148,1,3
94157,1,3
94158,1,2
94161,1,2
94163,1,3
94186,1,3
94201,1,1
94212,0,1
94218,1,2
94233,1,3
94238,1,3
94239,1,3
94250,1,0
94257,1,1
94261,0,0
94273,1,3
94293,1,0
94301,1,3
94324,3,4
94325,1,1
94332,2,5
94364,3,4
94368,1,3
94381,1,4
94394,1,1
94402,1,3
94413,2,2
94414,2,3
94428,0,0
94452,3,2
94457,3,3
94462,1,3
94464,1,1
94468,0,0
94477,3,4
94486,0,1
94490,3,2
94491,0,0
94498,0,0
94514,1,4
94522,1,3
94526,3,4
94540,1,3
94561,1,2
94585,3,4
94586,1,2
94587,1,3
94588,1,3
94604,3,3
94619,2,4
94622,1,2
94627,0,0
94641,1,2
94646,1,3
94647,2,2
94648,1,3
94652,3,4
94689,1,2
94695,1,3
94699,2,3
94702,3,2
94704,1,3
94708,1,3
94714,1,3
94721,2,2
94725,1,3
94735,3,4
94739,2,3
94741,2,3
94742,0,0
94755,1,3
94756,2,3
94761,0,0
94769,1,2
94770,1,2
94771,0,0
94773,1,2
94782,1,3
94786,3,1
94830,1,2
94831,1,3
94832,1,2
94833,1,2
94834,3,4
94836,3,4
94842,2,3
94843,1,4
94847,1,3
94849,0,0
94864,1,2
94875,1,1
94881,1,3
94883,1,2
94887,2,2
94893,0,0
94903,1,2
94912,1,2
94914,2,4
94936,1,2
94946,2,3
94952,0,0
94957,1,4
94960,1,3
94986,1,2
94988,1,3
94991,1,3
94997,2,3
95001,3,4
95008,1,2
95010,1,4
95011,1,2
95016,1,3
95026,2,3
95041,3,4
95061,1,2
95063,1,2
95080,1,2
95085,1,3
95094,1,2
95099,1,0
95104,1,2
95111,3,4
95112,0,0
95119,1,3
95121,3,3
95137,3,2
95142,1,0
95144,0,0
95161,2,4
95219,2,3
95224,3,4
95227,1,1
95233,1,3
95241,3,4
95244,3,2
95246,0,0
95252,1,3
95269,1,1
95271,1,3
95273,1,3
95277,0,0
95282,2,5
95284,2,3
95286,3,3
95288,2,2
95320,1,2
95335,3,3
95336,1,1
95349,0,1
95356,1,3
95358,1,1
95359,3,4
95389,0,2
95403,2,2
95410,1,1
95413,1,1
95431,1,3
95437,0,0
95443,0,0
95447,1,3
95451,1,2
95470,1,3
95484,1,0
95487,2,3
95504,1,2
95512,2,2
95519,1,3
95529,1,2
95536,1,2
95542,1,2
95552,1,4
95556,1,3
95563,1,3
95567,1,3
95576,1,3
95585,2,3
95611,1,3
95614,1,3
95615,1,2
95616,1,2
95628,0,0
95645,3,4
95648,2,0
95672,2,3
95674,1,2
95678,3,4
95681,0,0
95696,1,2
95697,1,4
95703,1,3
95717,3,3
95718,1,2
95735,1,1
95744,3,4
95756,1,0
95760,1,3
95766,1,3
95769,1,3
95777,1,3
95785,2,3
95793,1,3
95816,1,0
95820,1,3
95827,2,3
95828,1,2
95852,3,2
95859,2,2
95870,1,1
95872,1,3
95889,2,3
95891,0,0
95904,1,3
95918,1,3
95919,1,3
95921,2,3
95922,3,4
95945,1,3
95959,1,1
95963,3,4
95977,1,2
95987,1,2
95994,1,3
96001,1,2
96002,1,3
96006,1,3
96027,3,2
96035,3,4
96047,1,2
96053,1,3
96059,1,2
96062,1,3
96078,2,2
96088,2,2
96109,1,3
96112,2,4
96113,1,1
96120,3,4
96122,2,3
96125,1,3
96128,1,3
96156,2,3
96160,1,2
96167,1,3
96221,2,3
96243,2,2
96260,1,3
96264,2,3
96274,0,0
96275,1,3
96277,1,2
96278,1,2
96283,3,4
96285,2,3
96298,4,3
96304,1,3
96312,3,4
96314,1,1
96317,1,0
96332,0,0
96354,1,3
96367,1,2
96381,1,3
96383,3,4
96393,2,3
96394,1,0
96396,1,2
96400,1,4
96404,1,1
96411,0,2
96413,1,2
96422,0,0
96437,2,3
96438,1,3
96441,3,2
96447,1,3
96451,2,3
96455,2,3
96465,1,2
96467,3,3
96470,1,2
96479,2,3
96489,1,3
96491,1,0
96492,1,3
96493,3,4
96495,2,3
96496,3,3
96507,1,3
96515,1,4
96531,1,1
96553,2,5
96554,1,3
96566,1,1
96573,1,3
96584,1,3
96588,2,3
96596,2,3
96607,3,4
96611,1,2
96616,2,2
96624,1,3
96649,1,1
96651,1,3
96653,1,1
96661,2,1
96662,2,3
96670,2,2
96674,2,3
96675,1,3
96683,1,2
96698,2,3
96701,1,3
96716,0,0
96727,1,4
96735,1,3
96763,1,2
96766,1,0
96779,3,1
96783,1,2
96793,1,3
96794,1,0
96801,1,0
96806,2,3
96809,0,0
96816,1,3
96819,0,0
96821,3,4
96831,1,0
96834,3,4
96844,1,3
96866,1,0
96870,1,3
96877,1,3
96888,1,3
96890,1,3
96892,1,3
96898,0,1
96901,1,3
96904,1,2
96907,1,2
96912,1,3
96915,1,3
96927,0,1
96935,1,3
96939,0,0
96942,0,0
96951,1,2
96963,1,2
96969,3,1
96991,1,3
96997,1,2
97002,1,2
97004,3,4
97005,1,3
97006,1,3
97007,2,3
97022,1,1
97023,1,3
97033,0,2
97074,2,3
97076,1,1
97078,2,2
97082,1,2
97086,0,0
97091,2,1
97096,0,0
97098,0,0
97099,1,3
97102,1,3
97108,0,0
97112,1,1
97128,1,2
97136,1,2
97137,3,4
97141,1,2
97151,1,3
97160,2,4
97162,1,2
97168,1,2
97172,0,3
97176,1,2
97192,2,3
97201,2,2
97216,3,4
97227,1,3
97231,1,2
97234,2,2
97237,1,0
97243,1,3
97248,1,2
97255,1,4
97258,2,4
97260,0,0
97271,2,4
97276,0,0
97316,1,3
97322,3,4
97337,2,2
97343,1,2
97346,2,3
97357,1,3
97368,2,2
97371,1,3
97381,2,4
97394,1,2
97400,2,3
97403,1,2
97416,1,3
97420,3,4
97425,1,3
97427,1,3
97431,2,3
97434,1,2
97449,1,0
97452,0,0
97456,1,3
97470,1,2
97481,1,2
97485,3,4
97488,2,2
97494,1,3
97497,2,2
97499,1,3
97504,2,2
97518,2,1
97569,2,3
97571,3,4
97572,1,3
97583,1,2
97592,2,3
97596,1,2
97626,1,3
97629,3,3
97631,1,2
97645,2,3
97679,2,3
97681,3,4
97683,1,3
97715,1,2
97718,1,1
97719,3,4
97723,1,2
97724,1,2
97741,2,3
97749,1,2
97762,1,3
97764,0,1
97765,2,3
97769,1,4
97792,1,3
97804,2,3
97838,2,2
97858,1,4
97860,1,2
97880,1,0
97886,3,2
97895,1,3
97899,1,3
97917,1,1
97921,1,0
97925,1,3
97926,0,0
97931,3,4
97935,3,4
97938,1,2
97947,1,2
97952,1,1
97984,1,4
97988,1,2
98004,1,3
98021,1,3
98034,1,2
98036,1,3
98055,0,0
98075,1,2
98086,1,3
98087,1,3
98088,1,0
98109,1,2
98110,1,0
98125,3,2
98161,0,3
98166,4,3
98168,2,3
98170,1,3
98202,1,3
98204,2,4
98225,2,3
98235,1,3
98236,1,4
98237,1,3
98239,1,3
98242,2,4
98243,1,3
98257,3,4
98261,1,1
98277,1,1
98286,1,2
98288,1,2
98289,2,2
98303,3,3
98320,1,2
98331,1,3
98336,2,3
98362,3,3
98382,2,2
98386,2,3
98387,3,1
98391,3,3
98396,1,1
98398,1,2
98411,0,0
98416,1,1
98426,0,0
98427,1,3
98428,2,2
98431,1,1
98447,0,0
98449,1,2
98488,1,2
98489,2,3
98499,3,2
98505,1,3
98510,0,0
98514,3,4
98516,1,3
98518,2,3
98520,0,1
98524,1,4
98526,3,4
98527,3,3
98552,1,0
98554,1,4
98558,1,3
98591,1,4
98598,3,3
98600,2,2
98605,2,3
98606,0,3
98609,1,3
98611,1,3
98619,0,0
98623,3,4
98636,1,1
98637,0,0
98648,1,3
98652,3,4
98674,0,3
98694,3,4
98705,1,3
98707,2,2
98711,2,3
98717,1,3
98724,0,0
98725,0,1
98733,1,3
98755,0,0
98768,1,3
98780,0,0
98782,1,4
98785,3,4
98793,2,3
98814,0,1
98819,3,4
98828,1,3
98846,0,2
98854,1,3
98867,1,4
98881,1,2
98896,1,3
98911,1,3
98914,1,2
98932,2,1
98935,1,2
98942,2,5
98944,3,3
98945,0,1
98946,3,3
98947,1,1
98958,1,1
98961,0,2
98969,1,2
98970,1,3
98974,1,3
98987,0,0
98993,0,0
98994,1,3
98998,0,0
99001,1,3
99015,1,2
99030,1,2
99039,1,2
99053,2,3
99062,1,3
99072,1,1
99074,3,3
99083,3,3
99088,1,2
99090,2,3
99100,1,4
99103,1,1
99112,3,4
99117,1,2
99126,1,3
99135,1,3
99137,1,2
99143,2,1
99159,1,2
99169,1,2
99187,1,1
99192,2,5
99195,0,0
99198,1,4
99204,1,3
99205,1,3
99219,3,3
99230,1,3
99237,2,2
99249,2,3
99259,1,3
99265,0,1
99266,3,4
99277,1,3
99278,1,1
99285,3,4
99305,1,3
99307,0,0
99326,1,1
99332,1,3
99335,0,0
99349,1,3
99352,0,0
99354,1,1
99367,3,3
99369,1,3
99382,3,3
99401,1,3
99421,1,4
99422,1,2
99432,2,2
99437,2,0
99438,1,3
99446,1,2
99451,1,2
99459,1,1
99464,1,2
99465,1,3
99467,1,2
99473,1,2
99486,1,3
99501,1,2
99532,2,2
99536,1,2
99538,1,0
99542,2,3
99546,1,3
99549,1,2
99552,1,2
99556,2,3
99560,0,0
99572,1,3
99593,0,0
99594,3,4
99607,2,4
99609,1,0
99615,1,1
99620,2,3
99624,0,0
99633,0,0
99635,1,3
99647,3,4
99649,0,0
99652,0,2
99658,1,1
99663,2,3
99692,1,2
99696,1,4
99706,2,3
99707,1,3
99719,1,2
99723,1,2
99738,1,3
99740,1,1
99750,3,4
99755,0,0
99761,1,3
99764,1,3
99768,3,4
99790,2,3
99795,2,2
99796,1,2
99808,1,0
99815,1,3
99821,2,3
99832,1,3
99845,3,3
99851,0,0
99862,3,4
99865,1,3
99873,1,3
99877,1,2
99879,1,3
99884,1,1
99887,1,2
99891,3,4
99897,2,2
99905,0,1
99911,1,3
99915,1,3
99920,2,1
99923,3,2
99931,1,3
99934,3,3
99941,1,3
99943,1,3
99948,0,2
99950,1,3
99951,1,2
99957,1,3
99958,2,3
99965,1,1
99968,2,3
99980,2,3
99984,3,4
99987,1,2
100026,1,3
100033,1,2
100048,2,2
100052,1,2
100068,1,1
100070,1,3
100087,1,3
100088,1,4
100090,1,3
100094,3,3
100095,2,3
100109,1,2
100116,3,4
100120,1,3
100123,2,3
100137,1,3
100140,1,4
100158,1,1
100161,1,1
100175,1,2
100181,1,3
100182,1,3
100188,1,2
100196,0,1
100212,2,3
100213,1,2
100239,1,2
100257,1,2
100263,1,4
100274,1,3
100278,1,3
100281,0,1
100290,0,0
100295,1,0
100296,1,2
100297,0,0
100303,1,2
100305,1,2
100336,1,3
100342,1,2
100357,1,4
100369,1,3
100372,1,2
100373,2,3
100376,1,1
100384,2,0
100390,3,2
100399,2,3
100401,1,0
100406,2,3
100417,3,4
100423,1,1
100443,1,3
100458,1,2
100462,2,4
100480,0,2
100482,1,3
100484,2,3
100493,0,0
100495,1,4
100504,2,1
100507,3,3
100508,1,2
100519,1,1
100527,1,2
100528,2,2
100533,1,1
100541,3,4
100543,1,1
100545,0,0
100552,1,3
100568,1,3
100587,1,0
100595,1,2
100596,1,3
100599,1,3
100602,1,3
100603,1,4
100609,1,1
100612,2,5
100620,1,1
100624,2,6
100627,1,2
100635,4,4
100639,1,3
100642,1,1
100652,1,1
100655,3,4
100656,3,4
100662,2,2
100664,0,3
100669,1,3
100671,1,3
100672,1,3
100678,1,2
100680,1,3
100688,2,5
100690,2,4
100692,3,4
100701,2,3
100705,1,1
100709,1,3
100714,1,1
100721,1,2
100733,2,3
100738,1,2
100741,1,2
100742,1,3
100747,1,3
100765,0,0
100769,0,0
100772,0,1
100773,2,4
100776,1,3
100779,3,3
100786,1,2
100798,3,4
100803,1,3
100811,1,1
100814,1,3
100815,1,2
100820,1,4
100827,1,2
100829,1,3
100830,1,3
100840,1,4
100848,2,2
100857,1,2
100858,1,3
100867,1,2
100877,2,3
100884,2,2
100888,0,0
100889,1,2
100890,1,2
100891,1,3
100909,1,3
100919,1,3
100922,1,3
100925,1,0
100928,3,4
100934,3,4
100935,2,1
100943,1,2
100959,0,0
100961,1,2
100962,1,2
100966,1,2
100970,1,3
100975,1,3
100978,1,2
100998,1,3
100999,1,2
101002,2,3
101005,1,2
101015,1,2
101023,2,2
101026,2,5
101033,1,2
101034,1,2
101036,0,0
101043,1,1
101050,2,0
101055,1,3
101058,0,3
101077,1,1
101084,1,1
101088,0,0
101090,1,3
101111,3,4
101114,1,3
101120,1,3
101134,1,1
101137,3,4
101142,1,3
101149,1,3
101151,1,4
101156,1,4
101169,1,4
101176,0,0
101177,0,1
101192,1,2
101196,1,2
101209,1,4
101221,2,2
101224,0,0
101229,0,2
101231,0,1
101241,1,3
101250,1,2
101255,1,3
101256,2,5
101259,1,2
101263,1,3
101268,1,1
101269,1,2
101270,1,5
101271,1,2
101272,0,1
101273,1,3
101283,3,3
101287,1,3
101290,2,2
101309,1,2
101316,1,3
101318,1,3
101321,1,2
101323,1,2
101324,3,3
101325,1,3
101327,2,5
101328,1,1
101337,0,1
101351,2,1
101355,1,3
101356,1,3
101359,1,3
101371,0,2
101381,3,4
101382,1,3
101390,1,3
101402,4,3
101423,1,3
101425,1,3
101443,1,3
101447,1,3
101451,1,3
101463,1,3
101465,1,3
101470,2,4
101474,3,3
101477,1,4
101479,1,2
101481,1,0
101490,1,3
101510,0,0
101511,1,1
101513,1,1
101521,1,2
101534,3,3
101540,2,3
101542,1,1
101548,3,2
101549,2,3
101557,3,4
101558,1,1
101568,1,2
101573,1,1
101574,1,3
101585,1,1
101587,1,3
101588,0,0
101593,1,3
101595,1,3
101607,1,0
101618,1,4
101626,1,3
101627,1,2
101630,1,1
101637,1,3
101640,1,3
101649,1,1
101658,3,4
101659,1,2
101660,1,1
101667,3,4
101674,2,4
101675,1,2
101686,1,4
101687,1,2
101743,1,0
101763,1,3
101765,1,4
101766,0,0
101782,1,3
101783,1,2
101784,2,3
101787,1,3
101790,1,1
101792,1,3
101794,2,3
101798,1,4
101807,1,1
101819,0,0
101842,1,3
101846,2,2
101849,1,1
101854,3,4
101857,3,3
101865,1,0
101870,3,2
101874,0,0
101891,3,4
101902,1,4
101905,3,3
101913,1,3
101914,0,1
101919,1,3
101925,3,2
101926,1,3
101933,0,0
101937,3,3
101941,3,4
101957,3,4
101968,2,3
101970,1,4
101971,1,2
101991,0,0
101995,1,3
101997,1,1
101999,3,4
102001,3,4
102004,1,3
102007,1,2
102012,1,3
102013,1,4
102032,2,3
102034,1,3
102041,2,5
102047,1,2
102056,1,1
102058,3,2
102074,0,1
102078,1,2
102086,1,3
102111,1,3
102114,1,3
102117,1,3
102123,1,3
102137,3,3
102140,1,3
102143,1,3
102144,1,3
102145,1,4
102146,1,2
102153,2,5
102156,0,2
102181,1,3
102186,2,3
102192,1,2
102195,2,3
102196,1,4
102202,1,1
102204,2,0
102209,2,3
102214,1,3
102215,3,1
102216,1,3
102219,1,3
102233,1,1
102234,1,3
102249,2,3
102256,1,3
102259,3,4
102260,1,2
102264,2,3
102283,1,1
102285,0,0
102286,1,4
102288,1,2
102294,1,2
102295,2,3
102307,1,3
102321,1,3
102332,1,3
102334,2,3
102337,1,4
102346,1,3
102348,1,3
102369,1,0
102376,0,1
102379,1,3
102381,1,2
102394,1,2
102403,2,4
102409,1,2
102415,1,1
102424,0,0
102425,0,1
102430,3,4
102435,1,2
102436,1,1
102439,2,3
102442,1,2
102457,3,4
102477,1,1
102494,3,4
102495,2,2
102496,1,3
102509,1,3
102520,2,2
102533,0,2
102540,2,3
102545,1,3
102551,3,2
102559,0,0
102563,1,4
102580,1,2
102590,1,2
102601,3,4
102610,3,4
102623,1,4
102634,1,3
102638,2,3
102639,0,0
102641,0,0
102650,1,3
102654,2,4
102679,2,3
102689,3,4
102694,1,3
102696,1,3
102698,1,3
102704,1,3
102705,1,0
102709,3,4
102719,1,1
102722,1,2
102727,1,2
102742,1,3
102745,1,2
102748,1,2
102750,1,2
102753,1,2
102754,2,5
102755,2,3
102759,3,4
102760,1,2
102767,0,0
102771,3,4
102786,1,1
102797,1,3
102806,1,1
102807,1,3
102822,1,3
102826,1,0
102835,1,3
102839,0,0
102843,2,3
102844,3,4
102852,1,3
102853,1,2
102864,3,2
102881,2,3
102882,2,2
102884,1,3
102885,3,4
102895,3,4
102897,1,1
102900,1,0
102905,0,0
102914,1,2
102916,1,1
102930,2,3
102932,2,3
102940,2,3
102948,1,2
102950,1,3
102956,1,3
102974,1,3
102991,1,2
103003,2,1
103012,1,1
103018,1,3
103020,1,3
103021,1,4
103023,1,3
103032,0,0
103036,0,1
103038,1,3
103059,2,5
103069,3,4
103080,0,0
103096,1,3
103101,1,3
103106,3,4
103110,2,5
103111,1,3
103122,2,3
103127,1,2
103128,1,1
103131,1,2
103132,1,2
103133,3,3
103135,2,5
103141,1,2
103142,2,2
103148,2,5
103169,2,3
103173,3,2
103178,1,3
103184,1,2
103197,2,3
103201,3,4
103204,1,4
103207,0,0
103209,1,0
103210,2,3
103212,1,0
103215,1,0
103227,1,3
103231,1,3
103244,1,2
103246,1,1
103250,1,3
103255,4,1
103258,1,2
103261,1,2
103262,1,3
103269,3,4
103287,0,0
103305,3,3
103307,3,4
103319,1,2
103320,1,3
103327,1,2
103333,1,4
103345,2,3
103348,1,3
103349,1,3
103352,1,2
103361,1,2
103368,3,4
103375,1,2
103386,2,1
103392,1,3
103401,3,4
103404,0,0
103406,2,1
103412,1,3
103418,0,0
103421,1,3
103432,3,4
103438,1,2
103440,1,3
103441,1,3
103450,1,3
103461,1,2
103471,1,3
103472,3,4
103474,1,2
103481,3,4
103482,2,5
103495,1,4
103517,1,3
103522,1,2
103526,3,1
103538,1,2
103545,3,3
103546,1,1
103555,1,1
103556,2,3
103562,1,4
103580,1,2
103581,1,2
103588,0,0
103590,1,3
103591,1,3
103602,2,4
103604,3,4
103608,1,4
103620,3,4
103628,3,4
103634,1,3
103636,0,1
103661,3,4
103665,1,3
103669,0,0
103671,1,3
103672,1,1
103675,1,3
103679,1,3
103681,1,2
103683,0,2
103697,2,2
103706,1,3
103718,1,4
103727,3,4
103729,1,4
103733,1,3
103738,1,3
103745,1,3
103752,2,3
103753,1,2
103758,1,1
103761,1,3
103773,1,3
103774,0,1
103775,1,3
103776,1,3
103778,1,3
103780,1,3
103781,1,2
103788,1,3
103789,2,3
103790,1,2
103791,2,5
103792,1,2
103802,1,2
103807,1,2
103811,1,3
103824,1,1
103826,3,4
103834,1,3
103844,1,2
103848,1,3
103860,1,3
103876,0,0
103877,1,1
103878,2,3
103885,1,2
103893,3,3
103894,0,0
103905,1,3
103920,1,3
103928,1,2
103932,1,3
103941,2,3
103945,1,3
103946,1,2
103948,2,3
103953,2,3
103956,1,3
103964,1,3
103966,1,3
103969,1,0
103973,1,4
103976,3,3
103978,1,2
103982,3,4
103983,0,1
103988,1,3
103999,1,3
104002,1,3
104015,1,3
104017,1,3
104029,1,3
104042,3,4
104048,2,5
104050,0,0
104056,2,3
104081,1,2
104087,1,2
104095,0,0
104101,3,4
104102,1,3
104103,1,2
104130,1,2
104134,1,3
104144,1,2
104150,1,3
104157,3,4
104161,1,3
104165,1,3
104177,2,0
104182,1,3
104183,1,3
104188,0,1
104200,2,3
104203,1,3
104208,1,3
104214,1,2
104221,1,3
104226,1,0
104237,1,4
104239,0,1
104246,0,1
104254,3,4
104263,1,3
104264,1,1
104267,2,2
104273,1,3
104284,1,3
104294,1,1
104296,1,2
104301,1,3
104305,1,2
104313,1,1
104320,1,3
104326,1,3
104333,2,1
104343,2,2
104345,1,2
104346,3,4
104349,3,3
104351,3,4
104357,1,1
104362,1,4
104372,1,3
104383,3,2
104408,1,3
104415,0,0
104420,1,0
104422,1,4
104433,1,3
104434,1,0
104445,3,3
104447,3,4
104450,1,3
104460,1,3
104461,1,3
104488,1,1
104489,1,3
104491,1,3
104496,2,3
104529,1,2
104530,1,1
104532,1,2
104533,1,2
104549,2,4
104556,1,4
104562,2,5
104563,1,3
104565,1,3
104571,2,3
104573,1,2
104588,1,3
104606,0,0
104607,0,3
104608,1,3
104610,1,1
104611,0,0
104615,3,4
104624,1,3
104625,1,2
104639,1,2
104647,1,2
104650,1,2
104654,1,3
104655,1,3
104660,2,2
104661,1,1
104672,2,5
104683,1,2
104691,2,2
104693,1,2
104696,2,2
104704,1,3
104711,2,1
104722,2,4
104723,0,1
104726,1,0
104732,1,0
104739,3,4
104757,1,3
104758,1,3
104759,0,0
104777,2,2
104782,2,3
104796,2,3
104815,1,4
104820,1,3
104822,1,2
104827,1,0
104840,3,3
104842,1,2
104848,0,0
104852,1,3
104854,2,0
104859,1,3
104861,1,4
104864,1,2
104866,3,4
104873,2,3
104891,1,1
104895,3,4
104902,1,4
104914,0,1
104934,0,0
104945,2,3
104947,2,2
104949,1,2
104956,1,2
104964,1,2
104969,1,3
104973,1,2
104983,1,4
104986,1,2
104994,1,3
105003,1,2
105013,2,5
105017,1,2
105027,1,3
105033,1,0
105037,2,3
105043,1,3
105047,2,3
105062,1,2
105082,1,1
105091,1,3
105092,2,4
105095,3,4
105098,1,3
105099,1,3
105104,0,1
105111,1,3
105112,3,3
105114,1,2
105124,1,1
105128,1,3
105131,2,2
105137,1,3
105167,2,3
105175,3,4
105178,1,3
105180,1,3
105190,1,3
105191,3,4
105193,1,1
105195,0,1
105198,1,1
105210,1,1
105223,1,2
105228,0,2
105229,3,4
105248,1,3
105268,1,1
105272,1,2
105301,1,3
105305,1,2
105310,1,3
105311,1,2
105324,1,3
105331,1,3
105334,0,2
105336,2,2
105340,3,4
105342,3,4
105343,3,3
105347,1,3
105370,1,2
105372,3,4
105374,2,2
105378,1,0
105383,1,3
105392,0,1
105400,1,3
105409,1,3
105417,3,2
105426,1,2
105441,0,1
105442,1,3
105443,3,4
105444,3,2
105447,1,3
105449,1,1
105456,2,3
105464,1,4
105468,1,3
105472,1,1
105477,2,5
105480,1,0
105481,2,4
105486,2,3
105491,1,3
105493,3,4
105499,1,2
105512,1,1
105528,0,1
105530,0,0
105532,2,3
105541,3,4
105551,2,2
105556,0,0
105557,0,2
105563,1,3
105569,0,0
105572,1,2
105578,1,4
105588,1,3
105593,1,2
105599,1,3
105604,1,3
105609,3,3
105617,0,0
105618,1,2
105619,1,2
105625,1,2
105627,3,4
105631,0,0
105635,1,3
105636,1,1
105645,1,4
105646,2,1
105666,1,2
105667,1,1
105683,3,3
105684,1,3
105692,1,1
105703,1,2
105706,1,3
105716,3,4
105718,1,3
105724,1,4
105729,1,2
105730,1,3
105732,3,0
105737,2,3
105738,1,2
105739,1,2
105744,1,1
105745,1,3
105746,1,3
105781,1,1
105792,1,2
105809,3,4
105820,1,3
105828,0,0
105830,1,2
105838,3,3
105857,2,3
105865,1,3
105866,2,2
105874,2,3
105875,1,2
105878,2,3
105890,1,3
105893,1,3
105895,1,2
105900,1,1
105901,2,4
105902,1,4
105907,1,3
105940,1,2
105944,0,0
105949,0,3
105954,1,2
105965,3,4
105966,0,1
105970,1,2
105971,0,1
106025,0,0
106027,0,0
106037,1,3
106038,1,3
106046,1,2
106055,1,1
106062,2,5
106064,1,1
106067,1,3
106070,1,3
106072,3,2
106075,1,4
106086,1,1
106095,2,3
106098,0,0
106117,1,3
106119,1,3
106121,1,2
106129,2,3
106137,1,3
106139,0,0
106146,0,2
106160,0,1
106167,0,0
106170,1,3
106179,3,1
106187,1,3
106195,1,1
106215,1,2
106225,2,1
106232,1,3
106233,1,3
106247,1,2
106251,1,2
106255,2,2
106258,2,3
106293,1,2
106312,1,1
106323,1,0
106327,1,3
106334,0,0
106347,3,2
106359,2,3
106361,1,1
106370,1,3
106377,3,4
106388,1,3
106390,1,1
106401,1,3
106402,1,3
106414,3,2
106416,1,1
106418,1,2
106419,1,3
106423,1,3
106429,3,3
106445,2,2
106457,1,2
106459,0,0
106463,1,3
106468,1,0
106475,2,3
106481,1,3
106486,1,2
106489,1,2
106493,0,0
106507,2,3
106511,4,3
106530,1,4
106532,1,3
106538,2,3
106544,1,1
106550,1,3
106575,1,4
106580,3,4
106582,2,2
106587,1,3
106589,1,3
106601,2,4
106609,0,1
106613,2,3
106617,1,3
106627,1,3
106641,2,5
106655,1,3
106657,3,4
106661,1,0
106662,1,1
106674,1,3
106690,1,3
106703,1,1
106710,1,0
106713,1,2
106715,1,3
106718,1,2
106724,3,4
106728,3,3
106733,1,0
106736,1,2
106741,1,2
106751,1,3
106752,2,3
106765,2,1
106766,1,3
106770,1,4
106774,1,3
106782,2,5
106784,0,0
106798,0,1
106800,1,0
106803,0,0
106805,1,2
106809,1,2
106810,1,2
106811,1,2
106816,3,4
106827,0,0
106836,1,0
106838,0,0
106849,1,1
106850,3,4
106867,1,2
106871,1,2
106875,0,1
106877,3,4
106883,0,0
106889,1,2
106894,1,2
106902,2,2
106903,0,0
106904,1,4
106914,1,1
106918,1,3
106923,3,4
106926,1,3
106932,1,3
106945,2,3
106955,3,4
106960,1,3
106964,1,3
106993,1,2
106994,0,0
107005,1,2
107017,2,5
107025,2,1
107028,1,3
107037,1,2
107041,1,3
107043,3,3
107050,1,1
107061,1,1
107063,1,3
107066,1,2
107067,1,3
107069,1,3
107072,2,3
107075,1,2
107095,2,1
107112,1,3
107129,1,4
107146,1,3
107148,1,2
107153,1,2
107156,2,2
107157,1,3
107159,1,2
107160,2,2
107165,2,2
107170,2,2
107173,1,3
107186,1,3
107205,2,3
107208,0,0
107216,1,3
107217,2,2
107228,1,2
107233,1,1
107245,1,3
107258,1,3
107260,1,3
107268,2,3
107276,1,3
107277,1,3
107278,1,2
107281,1,3
107293,1,1
107296,1,3
107309,1,3
107316,1,1
107336,1,2
107341,0,0
107350,0,0
107351,3,4
107356,3,4
107358,1,2
107369,1,3
107374,1,4
107375,1,1
107383,2,2
107386,2,2
107396,1,3
107431,1,2
107432,1,3
107436,1,3
107437,2,3
107446,1,3
107447,3,4
107456,0,1
107458,1,3
107466,1,3
107474,1,3
107483,1,3
107496,1,3
107503,2,3
107515,2,2
107521,1,3
107526,1,2
107534,1,1
107536,2,1
107543,1,3
107550,1,3
107554,1,3
107567,0,0
107575,3,3
107576,1,4
107577,1,3
107581,1,3
107597,1,3
107618,1,2
107619,1,3
107623,1,4
107626,3,3
107628,1,3
107631,1,2
107633,1,2
107642,2,4
107653,1,3
107656,2,5
107657,1,3
107662,0,0
107689,2,5
107704,0,0
107743,1,1
107758,0,1
107776,1,3
107778,2,2
107782,1,0
107783,1,2
107785,3,4
107787,2,5
107789,1,1
107793,2,3
107798,1,2
107800,3,4
107801,1,2
107810,2,3
107818,0,1
107829,0,1
107856,1,2
107862,2,3
107863,1,2
107864,3,4
107865,2,3
107881,1,2
107883,0,2
107887,2,2
107912,2,2
107913,2,4
107920,2,2
107942,0,0
107951,1,3
107956,1,3
107962,1,1
107963,1,2
107966,1,2
107968,2,3
107973,1,3
107986,0,0
107991,2,3
107994,1,3
108007,2,3
108012,2,2
108013,1,4
108014,0,2
108030,1,3
108037,1,2
108043,3,4
108046,1,4
108059,1,2
108061,2,3
108062,1,3
108073,0,1
108080,1,3
108086,1,3
108094,1,3
108102,1,3
108116,1,3
108117,1,3
108120,1,2
108125,1,1
108127,1,2
108130,1,0
108133,3,4
108144,1,3
108145,1,0
108152,1,2
108156,0,1
108167,1,4
108171,1,3
108180,1,1
108186,3,3
108204,1,4
108210,3,4
108217,3,3
108229,1,3
108230,1,2
108235,0,2
108240,0,1
108246,1,3
108249,1,2
108253,1,3
108256,3,2
108257,2,3
108260,3,4
108265,3,4
108278,1,3
108295,3,2
108313,1,2
108315,3,3
108318,3,3
108319,3,4
108339,2,2
108342,1,1
108366,1,3
108369,1,2
108374,1,2
108378,0,0
108385,1,3
108389,1,3
108390,0,0
108393,2,3
108397,1,3
108403,2,3
108423,0,0
108433,2,0
108435,1,3
108437,0,2
108440,1,2
108442,1,2
108449,1,1
108459,0,0
108486,1,3
108499,1,3
108536,1,2
108547,1,1
108556,2,3
108557,1,2
108561,1,1
108573,3,4
108578,1,3
108579,1,1
108592,1,3
108594,1,4
108596,1,2
108606,2,2
108612,1,3
108613,1,2
108617,1,2
108625,1,2
108639,0,1
108644,1,0
108645,1,3
108646,1,2
108648,3,4
108650,1,0
108652,1,2
108656,1,3
108670,1,3
108671,1,3
108674,1,3
108675,1,3
108712,1,2
108719,0,1
108722,1,2
108729,1,2
108735,1,2
108737,1,2
108738,1,1
108740,3,4
108742,1,3
108745,2,1
108749,3,4
108752,1,3
108753,0,1
108773,0,0
108782,1,3
108784,1,4
108785,1,3
108791,1,2
108793,1,3
108795,1,2
108823,2,3
108833,3,4
108849,1,1
108850,0,0
108851,1,1
108853,1,2
108856,1,1
108857,1,3
108876,2,4
108897,1,3
108901,2,2
108908,1,3
108912,2,3
108918,1,3
108925,1,3
108952,1,3
108962,3,3
108966,2,3
108973,1,2
108974,1,2
108975,1,2
108981,0,0
108982,1,4
108984,2,4
108989,1,4
109012,1,1
109030,3,4
109037,1,0
109059,3,4
109073,1,3
109076,2,3
109087,2,1
109088,1,2
109091,0,0
109095,3,4
109100,1,3
109108,0,1
109118,2,5
109131,3,4
109139,0,2
109156,1,3
109166,2,2
109171,1,2
109175,2,3
109179,1,2
109188,1,3
109192,2,3
109197,0,0
109205,1,4
109211,1,1
109219,0,0
109226,2,3
109229,0,0
109244,1,3
109250,0,1
109264,1,2
109268,1,1
109269,2,3
109272,2,3
109277,0,1
109281,2,3
109284,1,2
109287,3,4
109298,3,3
109305,1,1
109306,2,5
109311,1,2
109314,1,3
109330,2,3
109339,2,5
109354,3,4
109359,1,2
109360,2,1
109374,3,4
109377,0,0
109380,1,3
109384,1,2
109390,1,2
109391,3,4
109393,1,3
109399,1,2
109411,3,4
109417,1,0
109421,2,2
109425,1,2
109426,3,4
109434,1,2
109439,1,2
109442,0,0
109451,1,3
109456,1,3
109461,1,3
109464,1,2
109466,2,1
109469,0,0
109470,1,3
109472,1,1
109473,1,2
109479,1,4
109483,1,3
109486,1,3
109489,1,2
109498,2,4
109508,0,2
109514,1,3
109516,1,3
109517,1,2
109524,2,4
109534,1,3
109538,1,3
109553,1,1
109559,1,2
109589,1,3
109593,0,0
109602,1,3
109619,3,4
109620,1,2
109638,3,4
109639,0,0
109642,1,2
109649,1,2
109663,1,2
109674,1,4
109679,1,2
109683,0,0
109690,3,4
109700,3,3
109702,1,1
109704,2,4
109707,1,3
109722,1,3
109738,2,2
109745,1,2
109751,0,0
109756,2,2
109760,1,2
109786,1,0
109791,3,2
109802,1,0
109806,2,5
109811,1,3
109813,3,4
109840,1,2
109842,1,4
109858,1,2
109863,2,4
109864,2,3
109874,2,3
109894,1,3
109896,2,4
109902,2,3
109903,3,2
109924,1,3
109931,0,0
109932,1,1
109933,3,4
109934,1,1
109935,1,0
109937,0,0
109939,1,3
109940,0,2
109941,3,3
109946,3,2
109947,3,3
109949,1,2
109950,2,2
109961,1,2
109971,1,0
109974,2,2
109986,1,2
109988,3,4
109989,3,4
109997,1,1
110011,1,3
110013,2,4
110032,1,3
110038,3,2
110049,1,0
110053,1,1
110060,0,1
110070,1,2
110071,3,3
110074,2,2
110076,1,3
110077,1,3
110079,1,2
110118,1,2
110120,1,3
110130,2,1
110145,0,1
110146,1,1
110149,1,4
110160,1,3
110173,1,1
110178,1,3
110183,0,2
110184,2,3
110190,0,0
110191,1,3
110194,3,3
110205,1,2
110217,1,3
110243,0,2
110245,0,0
110251,1,3
110255,2,5
110257,2,3
110264,1,0
110276,2,5
110277,1,3
110281,1,2
110292,1,1
110295,1,2
110299,1,1
110311,1,3
110316,1,2
110322,1,2
110348,1,3
110361,2,3
110368,1,3
110374,1,2
110377,1,1
110379,0,2
110382,1,1
110404,1,3
110410,2,2
110418,1,3
110421,2,2
110426,0,1
110427,3,2
110435,1,1
110450,1,1
110454,1,3
110469,2,3
110472,1,3
110473,1,3
110489,0,0
110501,1,1
110510,1,3
110513,3,4
110514,1,3
110534,1,3
110535,1,0
110543,3,3
110567,2,2
110583,1,3
110591,1,3
110599,1,3
110603,1,0
110606,0,1
110612,1,4
110613,1,2
110616,1,3
110631,3,4
110642,1,2
110654,1,3
110666,3,4
110674,1,2
110679,2,5
110688,1,2
110691,1,3
110692,2,3
110693,2,2
110699,1,2
110709,1,4
110719,1,0
110724,1,1
110725,0,1
110726,1,3
110736,1,3
110739,2,5
110740,0,0
110753,1,3
110755,1,3
110757,2,5
110759,1,2
110763,1,2
110774,1,4
110777,0,1
110783,1,2
110794,3,3
110797,1,3
110799,1,1
110802,2,0
110802,2,0
110819,2,3
110820,3,4
110826,1,2
110834,1,0
110840,3,2
110843,1,2
110844,1,4
110846,2,2
110866,1,4
110871,1,2
110872,1,0
110873,0,2
110879,3,4
110881,2,3
110882,2,3
110894,1,1
110902,1,3
110903,1,2
110908,1,2
110922,1,3
110923,1,2
110930,1,3
110933,1,2
110934,1,4
110953,2,2
110971,1,2
110985,1,0
110993,2,2
111007,2,3
111011,1,3
111015,1,2
111023,1,4
111032,1,2
111034,2,4
111035,1,0
111036,1,3
111052,1,2
111057,1,3
111067,3,3
111088,2,3
111089,0,2
111103,1,1
111113,1,2
111122,1,3
111124,1,2
111131,1,3
111133,2,1
111137,1,2
111140,1,2
111142,2,3
111147,1,2
111149,1,3
111152,1,3
111156,2,5
111171,1,2
111172,2,3
111174,0,1
111177,1,3
111184,1,2
111187,2,2
111189,3,4
111193,1,1
111206,0,0
111209,1,2
111219,1,2
111237,0,3
111239,2,4
111245,0,0
111257,1,2
111264,3,1
111268,2,4
111273,1,3
111274,2,1
111282,1,1
111315,1,3
111323,1,1
111330,1,3
111332,3,2
111333,1,3
111336,1,3
111340,0,0
111343,2,2
111353,1,4
111358,0,0
111362,1,3
111365,3,3
111369,1,2
111371,2,3
111377,1,2
111382,1,2
111385,1,1
111398,0,1
111399,1,2
111401,1,3
111404,1,3
111406,1,2
111408,1,2
111409,1,3
111411,1,3
111414,2,2
111425,1,0
111431,1,3
111445,3,2
111446,3,2
111457,1,0
111459,2,0
111460,2,3
111466,1,3
111477,1,1
111481,1,4
111486,1,0
111498,1,4
111499,1,0
111503,1,2
111504,1,2
111507,1,2
111512,2,3
111514,0,0
111517,0,0
111518,0,2
111524,2,3
111526,1,3
111530,2,1
111535,3,4
111546,1,3
111547,1,3
111601,1,4
111605,1,3
111615,3,4
111617,1,2
111621,1,0
111622,2,4
111625,1,2
111648,1,3
111651,1,3
111658,1,2
111663,3,4
111668,0,1
111680,1,3
111695,1,3
111712,1,1
111721,1,0
111725,1,1
111731,3,2
111732,1,3
111747,1,3
111757,1,0
111772,3,3
111775,1,3
111780,0,0
111797,1,1
111801,1,3
111805,1,0
111808,2,4
111810,3,2
111814,1,3
111816,0,1
111822,0,2
111828,1,2
111833,1,2
111839,1,2
111845,1,3
111846,1,2
111850,3,4
111860,2,3
111863,1,2
111864,2,1
111867,1,2
111879,1,3
111886,1,0
111889,3,3
111903,3,4
111909,1,0
111912,1,3
111926,1,3
111930,2,4
111934,1,3
111939,2,3
111941,3,4
111956,3,4
111959,1,3
111979,1,3
111982,1,3
111988,1,0
111991,3,4
111998,2,3
112006,2,2
112007,3,2
112010,1,3
112011,1,2
112022,1,2
112028,0,2
112030,1,3
112037,1,1
112059,3,0
112071,1,3
112076,0,0
112092,0,1
112095,1,0
112096,3,3
112098,1,3
112105,1,0
112116,1,3
112121,1,1
112124,1,3
112133,1,0
112150,0,0
112151,1,0
112153,0,0
112163,1,1
112167,3,4
112174,1,1
112179,1,3
112197,1,3
112202,1,1
112203,2,2
112207,2,4
112217,3,4
112219,1,3
112230,2,2
112234,0,0
112237,2,3
112243,3,4
112248,1,1
112253,1,3
112274,1,3
112277,2,3
112281,1,3
112295,1,2
112300,3,3
112315,1,3
112317,0,0
112335,2,3
112339,1,3
112369,1,2
112370,3,3
112384,1,2
112393,2,3
112395,1,1
112418,1,3
112421,1,3
112428,3,4
112432,1,2
112446,1,3
112467,0,0
112475,1,2
112477,1,3
112483,3,2
112485,1,3
112491,2,3
112494,0,0
112495,1,3
112496,2,1
112498,1,3
112500,1,2
112506,0,1
112519,2,2
112521,1,3
112529,0,0
112531,1,2
112537,2,3
112541,1,0
112542,0,0
112548,2,1
112549,0,1
112570,1,2
112579,2,3
112586,1,4
112602,3,2
112621,2,3
112634,0,1
112635,2,4
112639,1,2
112651,2,5
112660,1,2
112662,1,3
112663,1,3
112677,2,0
112696,1,2
112701,1,3
112703,1,2
112707,0,0
112722,1,2
112726,1,2
112732,1,2
112735,0,0
112747,1,3
112753,1,1
112756,4,3
112762,1,3
112765,1,2
112782,1,2
112819,2,3
112820,1,3
112826,0,0
112830,1,2
112833,0,0
112836,3,3
112862,1,3
112864,1,3
112874,1,3
112877,2,2
112889,3,4
112907,1,3
112913,1,0
112914,1,3
112916,2,3
112945,1,3
112946,1,3
112947,1,1
112950,1,3
112954,1,3
112959,1,4
112961,0,0
112963,2,1
112965,0,0
112968,1,2
112969,1,3
112970,1,1
112971,1,2
112972,1,3
112976,1,3
112986,1,3
112988,2,2
112993,1,1
113000,3,3
113006,1,0
113011,1,3
113026,1,4
113030,0,1
113031,1,3
113033,2,2
113041,3,4
113045,1,3
113053,2,2
113059,3,4
113065,1,2
113081,2,3
113092,1,2
113094,1,2
113095,0,0
113097,0,0
113099,1,1
113101,1,3
113106,3,3
113108,0,0
113114,3,2
113118,2,1
113127,1,1
113144,3,2
113148,1,2
113150,2,2
113158,1,2
113170,2,3
113209,1,2
113211,0,0
113215,3,2
113243,0,0
113263,1,3
113265,1,3
113268,1,4
113274,1,2
113285,1,3
113294,2,3
113302,1,2
113309,1,2
113321,2,3
113326,1,1
113328,1,2
113346,2,3
113352,1,2
113355,1,2
113378,3,2
113383,2,3
113386,1,4
113396,1,3
113401,1,3
113408,1,2
113412,1,2
113416,1,3
113421,1,2
113432,1,2
113447,3,4
113455,1,2
113458,2,3
113481,1,1
113483,2,4
113491,1,2
113493,1,2
113503,3,4
113512,1,2
113514,2,2
113516,3,3
113519,1,0
113524,2,3
113527,1,3
113540,1,1
113545,2,2
113547,2,2
113556,1,1
113578,0,0
113591,3,4
113595,1,2
113596,1,1
113598,1,2
113600,1,0
113602,2,1
113603,2,2
113616,1,2
113632,0,0
113650,1,2
113654,1,3
113665,0,1
113670,1,3
113672,1,2
113683,1,2
113689,1,2
113690,1,1
113692,1,3
113709,0,0
113713,0,0
113726,2,4
113738,2,4
113746,1,2
113758,1,3
113759,1,4
113773,1,3
113781,1,2
113784,1,3
113785,2,3
113793,1,3
113814,1,2
113828,2,2
113833,1,4
113842,2,5
113859,1,2
113865,3,4
113871,2,2
113880,1,0
113883,3,3
113886,1,2
113907,1,2
113911,3,4
113915,1,3
113919,1,4
113926,1,3
113928,1,0
113929,1,1
113934,1,3
113940,2,5
113941,1,2
113946,1,3
113970,3,4
113976,3,4
113978,1,2
113981,0,0
113985,1,2
113986,3,2
113990,2,3
113996,2,0
114016,3,3
114018,1,1
114024,0,1
114035,1,3
114050,1,3
114052,1,3
114054,1,3
114056,0,0
114070,3,4
114075,1,1
114091,1,3
114097,1,2
114100,1,1
114113,1,2
114117,1,4
114124,1,3
114126,2,5
114129,3,3
114131,1,2
114139,1,2
114165,0,0
114170,1,2
114176,1,0
114178,1,2
114179,1,2
114183,1,3
114185,2,3
114188,2,5
114197,1,3
114200,0,0
114203,3,4
114208,1,2
114209,2,4
114222,2,4
114231,1,4
114246,0,1
114256,1,3
114258,2,3
114259,1,3
114266,1,1
114273,2,2
114286,2,3
114291,1,2
114292,2,1
114295,1,2
114300,3,3
114323,1,3
114336,2,3
114341,1,2
114342,1,3
114343,1,2
114344,1,2
114347,3,4
114369,1,0
114374,1,0
114395,1,1
114400,1,4
114409,3,4
114412,0,0
114432,3,4
114437,3,4
114439,1,3
114448,2,2
114460,3,4
114468,3,3
114487,3,3
114488,0,0
114514,1,3
114516,2,3
114519,2,3
114532,1,2
114535,1,2
114539,3,4
114549,1,2
114569,0,0
114579,1,1
114593,1,3
114602,1,3
114607,0,0
114610,1,2
114613,2,2
114629,1,1
114631,3,4
114639,1,3
114642,1,3
114654,3,4
114657,1,3
114668,2,2
114689,0,2
114692,2,3
114693,1,2
114713,1,2
114718,1,4
114728,0,2
114741,2,1
114748,1,0
114750,0,0
114761,4,3
114762,1,3
114766,1,3
114787,2,3
114789,4,3
114797,1,1
114807,1,1
114810,0,0
114817,2,3
114827,1,3
114829,0,0
114837,1,3
114850,0,1
114854,1,3
114855,1,3
114860,3,1
114869,2,2
114886,2,2
114896,0,0
114909,2,3
114910,3,3
114917,0,1
114918,1,2
114924,1,3
114945,1,3
114948,1,0
114950,1,3
114954,1,2
114955,0,0
114968,3,4
114971,3,4
114977,1,3
114990,2,3
115015,1,2
115021,3,4
115022,0,0
115024,0,0
115028,1,3
115031,3,4
115032,1,3
115042,3,4
115048,1,3
115049,2,2
115052,1,3
115074,1,2
115077,1,3
115086,1,3
115094,1,3
115101,2,2
115121,3,4
115131,1,1
115135,1,2
115136,0,0
115144,1,2
115153,3,3
115157,1,4
115159,1,3
115179,2,2
115191,1,3
115202,1,3
115208,1,2
115221,3,2
115222,0,1
115223,1,2
115224,0,1
115225,0,0
115233,2,3
115235,1,3
115238,1,2
115244,3,4
115247,2,3
115253,1,3
115261,2,3
115264,1,3
115270,1,2
115276,1,3
115288,1,3
115289,0,0
115307,2,2
115310,1,3
115327,0,2
115330,2,3
115338,1,3
115340,0,0
115350,2,2
115354,1,2
115372,2,3
115378,1,3
115379,0,0
115386,2,3
115389,0,1
115416,1,2
115422,1,3
115435,1,3
115446,2,3
115454,1,3
115464,1,3
115466,0,0
115468,1,1
115471,1,3
115476,0,0
115487,1,3
115494,1,2
115520,1,2
115521,1,3
115524,1,2
115530,1,3
115531,1,3
115546,2,1
115554,3,2
115558,1,3
115563,1,3
115570,3,2
115576,2,3
115582,1,2
115588,1,3
115593,1,2
115594,1,0
115596,1,1
115607,1,2
115617,0,0
115627,0,0
115628,2,3
115637,2,2
115646,1,4
115656,1,1
115658,1,3
115672,2,4
115673,1,2
115678,1,1
115681,3,4
115683,3,3
115685,3,3
115689,2,5
115692,1,3
115698,3,4
115699,1,1
115705,1,2
115708,1,1
115710,1,1
115715,1,1
115726,1,3
115734,1,2
115740,1,2
115742,1,3
115754,1,3
115758,0,2
115760,2,3
115761,1,2
115768,1,3
115777,1,4
115795,2,5
115808,1,3
115810,1,1
115814,1,1
115817,2,2
115822,1,3
115827,1,3
115829,1,2
115830,2,3
115834,2,3
115839,1,3
115841,1,0
115852,2,1
115889,1,3
115899,1,3
115911,1,3
115913,1,2
115942,1,3
115943,1,4
115945,2,1
115946,2,2
115955,2,3
115979,0,0
115982,1,4
116002,0,0
116004,1,2
116005,1,3
116013,3,3
116033,3,4
116041,1,4
116043,2,5
116076,2,2
116091,3,3
116094,1,3
116095,1,3
116097,1,3
116098,3,3
116099,1,2
116100,1,4
116106,1,3
116117,1,3
116124,3,4
116128,1,3
116130,1,2
116131,1,3
116137,2,3
116138,1,3
116144,3,3
116151,0,1
116152,3,3
116153,2,3
116154,1,3
116161,0,1
116177,1,2
116180,2,3
116197,1,3
116205,3,4
116211,3,4
116213,1,2
116222,2,3
116225,1,0
116232,1,2
116235,2,3
116245,1,0
116254,1,3
116256,1,2
116259,0,0
116260,1,3
116262,0,1
116263,1,3
116272,1,3
116284,0,0
116285,1,4
116286,1,4
116288,0,2
116290,1,2
116297,1,3
116298,2,3
116303,1,3
116311,0,1
116312,3,2
116313,1,2
116314,1,1
116325,1,3
116331,1,3
116340,3,4
116342,2,1
116344,2,4
116345,2,2
116358,1,3
116359,1,3
116373,3,3
116374,0,0
116391,2,4
116395,1,2
116409,3,4
116416,1,1
116418,1,3
116448,1,3
116449,2,4
116455,2,0
116460,1,3
116468,2,3
116476,1,2
116489,3,2
116492,1,2
116494,1,4
116521,1,1
116533,1,4
116534,2,1
116538,1,3
116544,2,2
116547,1,3
116549,3,3
116553,1,2
116554,3,4
116560,1,3
116564,0,0
116574,2,3
116575,3,4
116589,1,3
116603,1,3
116609,1,3
116617,2,3
116637,0,1
116640,1,3
116659,1,1
116668,1,1
116669,1,3
116684,0,0
116689,3,4
116694,1,3
116705,1,2
116713,2,2
116727,1,2
116728,2,3
116730,1,0
116742,0,1
116745,1,3
116747,2,0
116767,1,2
116778,1,2
116779,1,3
116781,2,3
116788,3,4
116789,1,4
116794,1,3
116802,2,4
116810,2,1
116817,3,4
116827,0,0
116832,1,2
116835,2,2
116836,1,3
116840,3,4
116841,2,2
116845,1,3
116848,1,0
116855,1,4
116865,2,2
116875,1,3
116877,0,0
116878,3,4
116879,3,2
116904,1,0
116911,3,4
116915,1,3
116930,1,3
116945,1,1
116952,2,3
116955,3,2
116957,2,2
116966,1,3
116972,2,3
116979,1,4
116980,3,4
116987,1,3
116988,1,3
117002,1,3
117007,1,2
117016,3,3
117031,4,3
117041,2,3
117058,1,2
117060,1,2
117063,1,0
117068,2,3
117069,1,2
117081,1,3
117086,2,6
117093,0,1
117096,1,3
117102,1,2
117103,1,1
117112,2,1
117113,1,4
117126,2,1
117136,3,4
117144,2,1
117150,0,0
117157,1,1
117169,1,0
117170,1,1
117174,1,1
117186,2,3
117192,1,3
117202,1,2
117212,4,3
117234,0,0
117236,1,0
117237,2,0
117242,1,3
117243,3,2
117245,1,2
117248,1,1
117261,1,2
117266,0,1
117268,1,0
117273,2,1
117276,2,4
117280,2,2
117285,4,2
117288,2,4
117292,2,2
117296,3,3
117298,1,3
117313,1,5
117317,2,2
117328,3,1
117338,2,3
117339,1,3
117340,1,4
117353,1,3
117354,1,2
117367,0,0
117379,1,4
117388,2,1
117395,2,2
117397,1,2
117399,3,4
117405,1,2
117412,1,3
117435,1,3
117480,1,3
117487,2,1
117490,1,2
117494,2,4
117511,1,2
117517,2,4
117526,3,4
117533,2,1
117539,3,4
117549,1,2
117582,1,3
117583,0,0
117594,1,2
117597,3,4
117604,3,1
117619,1,2
117622,3,1
117626,3,3
117629,1,3
117630,2,3
117632,0,2
117633,2,2
117644,2,2
117651,1,3
117655,3,4
117686,1,2
117697,1,2
117698,1,3
117699,0,0
117700,1,2
117708,1,3
117716,2,2
117718,3,4
117730,2,2
117749,0,0
117758,1,3
117760,1,1
117779,4,1
117787,2,4
117788,0,1
117797,2,4
117799,1,3
117824,1,2
117833,2,1
117840,1,2
117843,1,3
117854,1,1
117855,3,4
117856,3,3
117857,1,3
117859,1,1
117864,2,1
117876,1,3
117880,1,3
117882,1,1
117886,3,4
117889,1,2
117911,3,4
117919,3,1
117933,1,3
117943,3,4
117944,1,2
117970,3,3
117974,1,1
117978,3,4
117982,1,3
117983,1,2
117985,2,3
117995,0,0
117999,0,1
118003,3,2
118029,1,3
118048,2,1
118064,0,0
118070,2,0
118072,1,5
118084,1,2
118090,1,3
118094,1,3
118100,1,0
118101,2,3
118104,1,2
118125,1,2
118152,3,4
118155,1,2
118159,3,2
118162,1,1
118169,1,3
118175,1,2
118194,1,2
118199,1,1
118224,0,0
118234,1,4
118251,3,3
118257,1,1
118267,1,3
118273,1,3
118301,2,3
118313,1,2
118321,1,3
118324,2,2
118333,1,3
118342,1,3
118343,1,2
118344,3,4
118351,1,2
118354,3,4
118355,2,1
118357,3,3
118362,1,3
118384,1,1
118388,1,3
118400,1,2
118430,3,3
118437,2,1
118439,2,4
118452,3,3
118471,1,3
118513,2,1
118515,1,0
118525,1,3
118526,1,3
118527,1,2
118537,1,3
118548,1,3
118552,3,4
118570,1,2
118571,1,3
118575,1,2
118577,0,0
118581,2,3
118594,2,3
118598,1,3
118604,1,3
118609,1,3
118623,1,2
118630,1,2
118640,3,3
118644,1,3
118645,3,4
118646,0,1
118656,1,1
118658,2,3
118680,2,0
118685,2,2
118711,2,0
118713,1,3
118715,0,0
118717,1,2
118718,1,3
118833,3,1
118843,0,1
118844,1,3
118855,1,1
118858,1,3
118863,1,3
118865,1,3
118870,2,0
118874,2,0
118876,1,1
118928,1,1
118937,1,3
118939,1,2
118944,2,3
118946,1,3
118948,3,4
118952,1,2
118956,2,3
118962,1,3
118980,1,1
118984,2,4
118990,0,0
119006,3,4
119012,1,1
119018,2,3
119022,1,1
119024,3,4
119025,1,3
119026,0,0
119056,1,3
119059,3,4
119062,2,5
119067,3,3
119071,1,3
119075,3,4
119083,1,2
119088,3,4
119091,2,3
119103,1,3
119123,1,3
119129,3,4
119153,1,4
119182,1,1
119196,2,3
119202,2,3
119209,1,2
119218,1,2
119222,1,3
119225,1,2
119226,1,3
119227,1,2
119229,3,2
119235,1,3
119236,1,4
119239,0,3
119242,1,0
119292,2,1
119295,1,3
119307,0,0
119315,2,3
119318,1,2
119321,0,1
119325,1,1
119336,1,4
119343,1,3
119344,1,2
119345,1,3
119356,1,3
119362,1,2
119370,1,3
119375,1,2
119378,2,3
119401,2,3
119404,1,2
119413,1,3
119415,1,2
119416,2,3
119418,1,1
119423,2,2
119425,2,3
119427,2,4
119435,1,3
119447,2,4
119453,1,3
119456,1,2
119459,2,2
119467,1,4
119475,1,0
119485,1,1
119496,2,4
119503,1,1
119518,3,4
119526,1,3
119534,1,2
119555,1,3
119564,1,2
119572,1,3
119593,1,1
119630,2,3
119631,1,4
119642,1,3
119648,1,2
119668,1,2
119671,1,3
119677,2,2
119694,3,4
119706,1,1
119711,1,2
119712,0,0
119714,2,3
119729,3,4
119742,1,3
119769,1,2
119775,2,3
119780,0,2
119781,1,3
119801,1,3
119802,1,3
119807,1,2
119811,1,1
119844,1,3
119850,1,2
119860,1,3
119868,3,3
119879,2,5
119881,1,1
119886,1,0
119896,0,0
119898,1,2
119902,1,3
119910,3,4
119924,2,0
119930,1,3
119931,1,3
119957,1,2
119959,1,1
119965,2,4
119968,2,3
119970,3,1
119976,2,0
119991,3,4
120004,1,4
120010,0,0
120038,1,2
120061,1,3
120065,2,5
120071,3,2
120072,1,3
120075,1,0
120090,1,3
120092,2,3
120101,3,3
120102,1,2
120103,1,3
120105,1,3
120113,2,2
120122,2,1
120123,2,3
120131,0,0
120132,1,2
120143,1,3
120145,1,3
120149,1,3
120154,1,3
120156,1,3
120163,1,3
120166,1,3
120169,1,2
120186,1,4
120192,1,3
120195,1,3
120208,1,2
120219,1,1
120220,1,3
120221,2,3
120230,2,2
120245,1,4
120268,1,3
120275,1,1
120278,0,0
120279,1,2
120294,1,3
120295,1,1
120302,1,1
120304,2,5
120305,3,4
120312,3,0
120313,4,2
120345,1,3
120359,1,3
120365,0,0
120369,1,3
120383,1,4
120387,1,3
120391,1,1
120399,1,1
120408,1,1
120409,1,3
120410,0,0
120422,1,2
120423,2,3
120424,1,2
120425,1,1
120428,1,1
120429,2,1
120434,3,2
120451,1,3
120462,3,2
120466,1,2
120525,1,2
120538,1,3
120544,1,0
120545,2,3
120555,1,2
120559,1,2
120567,1,2
120574,0,0
120577,1,3
120578,1,3
120579,3,3
120586,1,3
120603,3,4
120612,2,3
120616,2,3
120618,3,4
120625,1,2
120631,0,0
120637,1,3
120639,1,3
120640,1,2
120645,1,3
120652,1,2
120673,1,0
120684,2,5
120685,1,0
120690,1,3
120695,3,2
120697,0,2
120704,2,1
120708,2,5
120723,1,0
120729,2,0
120788,1,2
120789,3,2
120805,1,2
120824,0,0
120842,1,3
120843,1,1
120869,1,2
120876,0,0
120878,0,2
120883,1,3
120892,1,2
120896,1,2
120899,1,3
120908,1,1
120910,1,2
120918,1,1
120953,1,3
120960,1,2
120966,3,2
120967,1,2
120975,3,4
120985,3,2
120989,1,1
120998,3,2
121000,2,3
121004,2,2
121013,2,2
121014,3,4
121016,1,2
121022,0,1
121026,1,1
121041,1,2
121048,1,2
121059,1,3
121060,1,2
121077,1,2
121079,0,0
121082,0,0
121106,1,3
121107,1,3
121121,1,3
121129,1,2
121133,1,3
121134,1,2
121139,2,5
121148,2,5
121151,2,1
121152,1,3
121155,3,3
121174,1,2
121180,1,2
121188,2,3
121192,1,1
121222,3,4
121228,1,3
121238,1,2
121240,1,3
121245,1,3
121247,2,1
121249,1,0
121251,1,3
121252,1,2
121253,2,2
121258,0,3
121271,0,0
121274,1,3
121275,0,0
121276,1,3
121285,2,3
121286,1,3
121288,1,2
121291,2,2
121300,1,1
121306,3,2
121309,0,0
121315,2,5
121322,0,3
121331,3,4
121332,2,4
121337,3,3
121348,1,3
121349,1,2
121356,3,3
121359,2,4
121367,3,4
121369,1,3
121383,1,2
121390,1,3
121394,2,3
121402,3,4
121404,1,3
121414,2,2
121421,3,4
121425,1,3
121431,1,3
121436,1,1
121440,1,3
121453,2,3
121454,2,4
121466,1,2
121475,1,4
121505,1,1
121507,1,3
121510,1,2
121512,1,2
121523,1,2
121535,1,2
121536,3,4
121544,1,3
121545,1,3
121596,1,1
121610,1,2
121639,3,4
121644,3,4
121648,1,3
121658,1,3
121664,3,4
121669,2,2
121690,1,3
121712,1,0
121713,1,1
121715,2,4
121722,2,2
121726,1,4
121749,2,3
121750,1,2
121756,2,3
121758,1,1
121760,1,3
121762,1,3
121764,1,3
121765,1,3
121767,2,2
121773,1,1
121804,1,3
121831,1,3
121838,1,3
121839,0,0
121840,1,3
121852,1,1
121858,1,3
121909,3,2
121916,1,2
121935,2,4
121947,1,3
121955,1,2
121968,2,3
121970,3,4
121981,1,0
121990,1,2
121991,1,2
121996,0,2
121999,1,2
122017,2,5
122030,1,1
122042,0,1
122046,2,2
122048,1,3
122051,3,4
122056,1,3
122075,2,5
122080,1,2
122087,1,1
122089,1,4
122090,1,3
122091,1,3
122093,1,3
122103,1,2
122118,1,0
122122,1,3
122128,1,1
122142,3,1
122149,1,3
122151,2,4
122152,1,2
122153,3,3
122169,3,4
122200,3,4
122203,1,3
122204,1,2
122218,0,2
122225,1,3
122227,1,2
122228,2,5
122233,2,3
122244,1,3
122253,1,1
122268,2,3
122272,1,2
122286,1,3
122294,1,3
122298,2,2
122299,4,3
122300,1,3
122315,1,3
122326,1,3
122332,4,1
122337,1,3
122338,1,2
122339,3,4
122343,0,0
122344,3,4
122359,1,2
122369,1,3
122374,0,3
122393,1,2
122398,0,0
122408,3,2
122411,1,2
122414,1,3
122428,1,1
122431,3,4
122445,1,3
122450,1,1
122451,1,0
122452,1,3
122454,2,1
122455,1,0
122457,2,3
122459,2,2
122460,1,3
122465,1,2
122466,1,4
122467,1,3
122490,3,3
122499,1,2
122502,1,2
122505,1,2
122508,1,3
122514,0,0
122525,3,4
122530,1,3
122545,2,3
122546,1,3
122547,1,3
122548,1,1
122552,0,0
122562,1,3
122586,1,3
122595,1,1
122598,1,3
122603,1,1
122607,1,3
122630,3,4
122639,1,1
122643,1,2
122648,1,3
122657,1,2
122660,1,1
122665,1,3
122692,1,0
122695,0,0
122701,1,3
122712,1,3
122719,3,4
122727,3,4
122729,1,4
122732,2,3
122733,1,4
122735,1,4
122737,1,2
122738,0,1
122740,2,3
122765,1,3
122769,1,2
122784,3,2
122798,1,2
122805,1,2
122819,1,0
122820,1,3
122846,2,3
122847,0,1
122848,1,2
122857,2,3
122885,3,2
122891,1,3
122906,2,3
122907,1,2
122910,2,3
122914,3,2
122918,3,4
122921,1,3
122922,1,3
122935,3,3
122955,3,4
122959,2,2
122960,1,2
122967,0,1
122990,1,3
122993,1,2
122997,1,3
123020,1,2
123021,1,2
123032,1,0
123035,2,2
123051,3,4
123054,1,2
123057,0,0
123059,0,2
123062,1,3
123063,2,3
123079,1,3
123082,1,1
123093,1,2
123100,1,3
123119,2,2
123126,3,4
123131,1,2
123141,0,0
123167,2,3
123171,1,0
123173,3,2
123178,0,0
123182,3,2
123184,1,3
123190,1,3
123208,1,3
123222,0,0
123224,0,2
123225,1,4
123262,1,3
123272,3,4
123277,1,0
123285,2,2
123293,1,1
123294,2,3
123308,0,0
123315,2,1
123317,2,5
123334,1,3
123337,3,2
123341,2,5
123351,1,0
123354,1,4
123364,1,2
123366,1,3
123369,2,3
123388,2,3
123400,1,1
123401,2,2
123406,0,0
123407,3,1
123417,1,3
123419,2,3
123449,3,4
123451,2,3
123459,1,3
123466,2,2
123477,2,4
123482,2,5
123485,1,3
123486,1,3
123494,1,0
123501,1,0
123503,2,3
123514,1,3
123526,3,4
123539,3,4
123546,0,0
123562,3,4
123574,2,2
123582,1,3
123600,1,2
123601,2,3
123602,1,3
123603,2,1
123616,0,1
123624,3,4
123625,3,4
123628,0,0
123631,0,1
123632,0,0
123644,0,1
123646,1,3
123651,1,3
123652,1,3
123653,0,0
123657,0,1
123664,3,4
123674,0,0
123697,2,4
123712,1,1
123723,1,3
123726,1,2
123727,0,1
123728,3,3
123739,1,3
123748,2,4
123750,3,3
123754,1,1
123767,1,2
123772,2,1
123784,1,2
123785,3,2
123795,2,3
123801,2,3
123809,1,1
123813,2,4
123814,1,2
123816,3,4
123817,1,3
123818,2,4
123868,0,0
123871,1,0
123875,2,2
123877,1,2
123884,3,3
123889,0,1
123895,0,1
123899,1,2
123901,1,3
123903,1,1
123914,1,3
123919,0,1
123927,1,2
123930,1,2
123940,0,0
123942,1,2
123961,1,4
123966,2,3
123974,1,1
123981,2,3
123982,0,0
123989,3,4
123998,1,4
123999,1,3
124000,1,3
124006,1,3
124014,1,2
124015,2,5
124025,3,4
124028,1,2
124032,1,0
124040,1,1
124042,1,3
124046,1,3
124055,2,5
124057,1,2
124059,0,2
124061,1,3
124063,1,3
124065,0,0
124081,1,3
124083,3,4
124104,2,2
124113,1,3
124118,0,0
124120,1,3
124121,1,2
124128,1,2
124131,1,3
124152,3,1
124157,1,3
124161,1,3
124163,2,3
124176,1,3
124177,1,2
124181,1,0
124182,1,3
124183,2,3
124188,1,3
124200,2,3
124214,1,3
124240,2,3
124246,2,2
124288,2,3
124303,1,3
124304,1,3
124305,1,3
124312,1,3
124323,1,2
124324,3,4
124340,1,3
124349,2,2
124352,1,3
124353,1,0
124372,1,1
124377,2,3
124380,1,3
124397,1,0
124399,1,2
124403,2,3
124410,1,3
124411,2,3
124412,1,3
124416,1,2
124429,1,3
124447,1,2
124457,0,2
124464,1,2
124465,3,4
124466,1,1
124467,1,1
124468,1,3
124471,1,1
124472,1,3
124477,1,3
124484,2,3
124485,3,3
124486,1,4
124487,3,4
124495,0,0
124498,1,3
124499,1,1
124500,2,3
124501,1,3
124503,0,0
124507,2,4
124524,1,3
124531,1,3
124532,2,3
124533,1,2
124534,3,2
124536,3,4
124540,1,2
124541,2,0
124542,1,2
124553,1,3
124557,3,4
124561,0,1
124578,0,1
124588,1,1
124593,3,4
124610,1,3
124637,1,3
124643,0,0
124649,2,5
124654,0,1
124660,0,1
124662,1,3
124674,2,3
124677,0,0
124681,0,0
124683,2,2
124693,1,2
124695,1,3
124698,1,3
124705,1,3
124707,2,3
124724,0,0
124767,3,4
124768,1,2
124795,1,3
124813,0,0
124818,2,3
124824,0,2
124837,1,3
124839,4,2
124840,3,4
124876,0,0
124878,1,3
124880,1,3
124881,3,4
124882,1,3
124886,1,4
124887,1,2
124888,3,4
124890,1,4
124891,1,0
124892,2,3
124893,0,1
124894,1,1
124895,1,3
124896,1,3
124898,2,0
124899,1,2
124904,0,0
124918,1,2
124928,1,3
124931,1,3
124935,1,3
124939,1,3
124957,1,1
124981,1,2
125015,2,2
125030,2,3
125042,0,1
125050,2,3
125062,1,3
125065,1,1
125066,1,3
125073,3,4
125084,1,2
125093,2,3
125095,2,1
125102,3,3
125110,2,3
125118,3,3
125121,1,2
125127,1,3
125129,1,3
125132,2,3
125133,0,0
125135,1,1
125139,1,3
125145,3,4
125159,0,0
125166,2,2
125172,2,3
125175,2,5
125198,1,4
125213,1,1
125220,1,3
125222,2,2
125226,2,3
125231,1,3
125240,3,2
125248,0,1
125269,1,0
125295,1,1
125301,1,1
125307,1,3
125350,3,4
125354,2,3
125357,1,2
125359,1,3
125368,1,1
125370,2,2
125374,1,2
125380,1,3
125382,1,2
125390,2,1
125408,1,3
125416,1,3
125418,1,3
125423,3,4
125426,3,2
125428,2,2
125440,1,3
125451,1,2
125453,3,3
125456,1,3
125457,3,4
125467,1,2
125472,1,3
125481,1,3
125483,0,1
125491,1,2
125494,1,2
125500,1,2
125512,2,2
125517,3,4
125533,1,2
125539,2,2
125555,1,3
125557,2,2
125571,0,0
125581,3,4
125584,1,1
125591,2,3
125592,1,3
125593,1,3
125594,1,2
125595,1,2
125596,0,1
125598,3,4
125608,1,3
125609,1,3
125619,1,3
125622,1,2
125624,1,2
125625,1,2
125627,1,1
125628,2,2
125631,2,3
125634,1,2
125645,3,1
125647,1,2
125649,2,2
125654,1,3
125656,1,3
125657,2,3
125658,1,3
125660,3,4
125661,1,3
125664,1,3
125667,1,1
125668,1,2
125670,0,1
125677,1,2
125690,0,0
125710,3,2
125713,3,2
125714,2,3
125721,1,3
125723,1,4
125728,3,2
125737,1,3
125744,1,2
125745,1,3
125748,2,4
125752,1,0
125754,1,2
125755,2,3
125756,1,3
125757,1,2
125758,1,3
125759,1,1
125760,1,2
125762,1,0
125767,2,4
125773,1,1
125810,1,4
125811,1,2
125817,1,2
125819,1,1
125841,1,0
125852,1,4
125856,1,3
125861,2,5
125869,1,2
125872,0,0
125879,1,2
125891,1,2
125915,1,1
125916,1,3
125917,1,1
125920,1,1
125929,1,3
125943,1,4
125944,1,3
125959,1,2
125965,3,4
125975,0,0
125986,1,1
125987,1,2
125993,2,2
126003,1,2
126008,1,4
126011,1,3
126030,1,3
126031,1,3
126034,1,3
126037,1,3
126045,3,4
126048,1,2
126049,1,0
126050,1,2
126053,0,1
126067,1,3
126098,1,2
126103,1,2
126105,1,3
126113,1,3
126117,1,1
126118,2,2
126119,2,3
126123,1,3
126129,1,2
126141,2,3
126149,2,3
126151,2,5
126152,1,2
126154,1,3
126168,2,3
126169,3,4
126180,3,3
126181,1,3
126186,1,1
126191,2,1
126199,3,4
126216,1,3
126225,1,4
126226,0,0
126227,1,3
126228,2,4
126229,1,4
126230,1,3
126239,2,3
126240,2,2
126244,1,2
126246,2,3
126248,1,3
126255,1,3
126256,2,2
126292,1,2
126308,1,4
126310,2,1
126313,1,3
126321,1,3
126326,2,2
126328,1,3
126332,2,5
126336,1,2
126343,1,3
126355,1,3
126362,2,5
126368,1,3
126369,1,2
126384,0,1
126391,2,4
126395,2,3
126407,0,0
126419,0,0
126422,2,3
126423,1,3
126441,2,3
126443,2,4
126454,2,2
126485,1,2
126486,1,3
126496,1,2
126498,1,0
126505,1,2
126508,4,3
126520,2,1
126524,1,1
126526,2,5
126527,1,3
126529,1,3
126531,2,4
126532,1,3
126533,2,4
126535,3,3
126536,1,3
126538,1,2
126552,3,4
126565,1,2
126577,1,2
126591,1,2
126596,1,3
126597,2,2
126603,3,4
126604,1,3
126616,1,2
126630,1,2
126643,1,3
126645,0,0
126651,3,4
126668,1,3
126669,3,3
126674,2,2
126675,2,3
126686,3,3
126689,1,2
126690,1,2
126704,1,3
126710,1,3
126721,1,2
126723,0,0
126731,2,3
126737,1,2
126743,1,4
126749,0,3
126754,2,3
126762,2,3
126774,2,2
126780,1,3
126790,1,3
126800,1,1
126802,1,3
126810,0,2
126812,1,2
126819,1,1
126825,2,3
126832,1,3
126838,1,3
126843,1,1
126845,1,1
126846,0,0
126847,1,2
126848,1,4
126850,1,1
126857,1,2
126867,1,3
126869,2,5
126888,1,2
126899,2,5
126900,0,0
126901,1,2
126911,2,3
126917,1,4
126922,0,0
126931,2,3
126934,1,3
126946,1,2
126950,1,2
126953,1,1
126960,1,4
126966,1,2
126967,4,3
126976,1,3
126977,1,2
126978,1,3
127020,1,1
127024,3,2
127034,2,2
127065,2,3
127066,1,1
127075,1,2
127078,1,0
127094,2,5
127137,3,4
127142,1,3
127145,3,3
127147,0,0
127153,1,3
127160,1,2
127186,1,3
127196,1,3
127202,3,3
127210,1,3
127221,1,4
127228,1,3
127229,1,0
127235,1,3
127239,3,3
127254,1,3
127272,2,3
127275,3,3
127277,1,3
127278,1,3
127279,1,2
127296,1,4
127307,0,0
127318,1,1
127328,1,2
127342,1,3
127363,1,1
127364,1,2
127365,1,2
127377,0,0
127403,1,2
127410,1,3
127411,3,2
127414,1,3
127420,2,2
127447,2,2
127452,2,3
127453,0,1
127454,1,2
127455,1,4
127456,1,2
127457,1,3
127462,1,3
127466,1,3
127478,1,4
127484,1,3
127485,1,1
127488,2,3
127494,2,3
127507,1,1
127512,3,1
127520,2,1
127547,1,1
127548,1,3
127558,1,2
127561,3,4
127575,1,3
127581,1,2
127583,1,3
127584,2,2
127592,1,3
127609,2,5
127637,2,3
127657,1,4
127659,1,2
127661,1,2
127676,0,0
127696,1,3
127718,1,2
127719,3,4
127726,3,3
127731,3,4
127734,0,0
127741,0,1
127744,2,3
127745,1,3
127758,1,2
127764,1,3
127792,3,3
127810,2,2
127818,2,2
127822,1,4
127825,1,0
127826,1,2
127828,1,3
127839,1,4
127843,1,3
127847,2,1
127855,2,4
127856,1,1
127857,1,3
127864,0,1
127868,0,0
127876,3,4
127885,1,3
127888,0,0
127892,1,3
127893,1,3
127896,2,3
127906,1,3
127910,1,2
127913,2,1
127914,1,2
127924,1,3
127926,0,1
127943,1,3
127947,1,4
127950,1,1
127959,1,3
127961,1,3
127963,1,4
127985,1,2
127994,2,2
128009,1,2
128017,1,2
128030,0,0
128032,1,2
128034,3,4
128041,1,3
128045,2,3
128064,1,3
128071,1,3
128074,1,3
128075,2,3
128079,1,3
128084,2,3
128100,1,1
128101,1,1
128103,1,0
128106,1,2
128126,1,3
128135,1,2
128153,2,2
128156,3,4
128157,1,1
128158,1,4
128161,2,3
128163,2,2
128164,1,3
128165,1,1
128167,1,3
128168,1,2
128173,1,0
128180,3,4
128183,1,2
128191,2,4
128211,1,3
128227,1,3
128228,2,2
128237,1,2
128245,2,1
128254,1,1
128263,1,3
128268,1,3
128270,1,1
128272,1,2
128274,1,3
128286,0,0
128287,1,3
128288,2,2
128293,2,2
128294,1,4
128310,1,3
128314,1,4
128319,1,2
128323,1,1
128324,1,4
128329,1,2
128331,2,2
128334,1,3
128338,1,4
128356,2,2
128358,1,2
128372,1,0
128373,1,1
128385,2,2
128387,3,4
128388,2,2
128389,0,2
128390,1,3
128391,3,3
128415,1,2
128418,2,4
128421,1,4
128422,1,3
128423,0,0
128428,2,0
128433,3,4
128440,1,3
128452,0,1
128457,3,4
128467,1,3
128470,2,3
128485,1,3
128488,3,2
128497,0,0
128499,2,3
128514,1,3
128524,1,3
128536,1,3
128537,0,0
128538,1,2
128542,1,1
128547,1,3
128549,1,4
128558,3,4
128561,1,3
128562,1,3
128563,1,2
128567,1,3
128571,1,2
128573,1,0
128576,1,4
128582,1,3
128595,1,1
128605,1,3
128606,2,2
128615,1,3
128619,1,3
128656,3,3
128659,2,1
128660,1,3
128661,2,3
128666,2,1
128668,0,1
128673,1,3
128677,0,2
128680,1,3
128686,1,2
128689,1,2
128694,0,0
128695,2,3
128697,3,2
128700,3,2
128704,3,2
128710,2,5
128712,1,3
128718,2,2
128730,3,1
128733,0,0
128742,0,1
128743,1,2
128749,1,2
128755,1,2
128757,1,3
128759,1,4
128766,1,2
128777,2,3
128797,1,2
128804,1,3
128815,0,0
128823,1,1
128824,2,3
128831,1,3
128833,3,4
128835,1,1
128837,1,3
128839,1,2
128861,1,3
128865,1,3
128869,1,0
128875,1,2
128877,2,5
128880,3,4
128884,3,3
128885,1,0
128891,2,2
128900,1,3
128902,1,3
128908,2,2
128924,1,1
128928,1,3
128929,1,1
128930,3,4
128934,2,3
128943,1,2
128962,2,2
128973,1,2
128984,2,2
128993,1,2
128994,1,3
128996,0,0
129000,1,3
129010,3,4
129011,1,1
129020,3,3
129026,3,2
129030,1,3
129039,1,4
129048,1,2
129050,3,2
129055,1,3
129063,1,4
129073,1,2
129087,1,1
129088,1,4
129089,0,0
129090,1,3
129091,3,3
129092,1,4
129093,1,2
129094,1,3
129097,1,0
129115,1,2
129120,3,2
129121,1,3
129123,1,1
129125,1,1
129128,0,0
129143,1,2
129149,2,5
129150,1,3
129167,2,2
129175,1,0
129179,3,4
129188,1,0
129202,3,4
129212,2,4
129219,2,3
129222,2,5
129224,2,4
129225,2,3
129228,1,3
129229,1,2
129244,0,2
129252,1,4
129262,2,1
129266,1,3
129268,2,5
129284,0,0
129287,1,3
129309,2,4
129312,1,3
129337,1,0
129339,1,3
129341,0,1
129344,2,3
129347,2,3
129348,1,3
129359,0,0
129364,2,3
129371,1,3
129376,2,2
129377,1,3
129388,1,3
129406,0,0
129409,2,1
129425,0,0
129427,1,3
129431,2,3
129437,2,3
129438,2,0
129458,1,3
129462,3,2
129480,3,1
129617,3,4
129624,1,3
129630,0,0
129646,3,2
129659,2,2
129665,3,4
129681,3,4
129689,2,2
129692,2,2
129696,1,3
129704,1,3
129707,2,2
129708,3,2
129710,3,4
129740,1,1
129743,1,3
129744,4,3
129748,1,2
129779,0,0
129783,1,3
129788,3,4
129789,3,3
129790,2,2
129795,0,0
129800,1,2
129804,1,1
129805,1,2
129807,3,4
129811,1,2
129815,0,1
129817,2,3
129818,1,3
129823,3,2
129829,0,0
129842,1,3
129848,1,3
129865,2,2
129875,3,3
129889,1,3
129890,3,3
129892,1,3
129895,1,3
129896,2,1
129900,3,4
129920,3,4
129925,2,4
129934,1,1
129936,1,2
129942,1,3
129951,1,0
129952,2,3
129960,1,3
129967,1,3
129970,1,4
129983,1,2
129987,2,3
129991,1,2
129997,0,0
130000,2,2
130001,1,1
130002,0,1
130003,1,2
130004,1,3
130010,3,4
130017,1,2
130020,3,1
130026,3,4
130034,1,1
130040,1,3
130048,1,3
130049,1,3
130056,1,2
130057,3,4
130058,2,5
130060,2,2
130061,3,3
130083,1,1
130097,2,5
130107,1,3
130111,2,4
130117,2,3
130133,1,3
130134,1,2
130138,0,1
130153,2,2
130164,1,3
130165,1,3
130166,1,3
130168,1,4
130169,2,3
130170,1,3
130173,0,0
130182,3,3
130186,2,2
130194,1,2
130204,3,3
130206,2,1
130208,2,4
130220,1,3
130230,2,0
130232,1,3
130234,1,2
130237,1,0
130250,1,2
130254,0,0
130255,1,3
130278,0,0
130279,2,3
130282,1,2
130290,1,3
130297,1,3
130311,1,3
130313,1,3
130319,3,4
130321,2,3
130325,1,3
130328,0,0
130340,0,0
130350,1,4
130355,1,3
130361,2,3
130362,0,0
130374,2,1
130375,1,3
130423,2,3
130425,1,3
130432,1,4
130441,2,3
130449,1,3
130452,3,4
130454,1,3
130463,3,4
130479,1,3
130486,2,4
130490,2,4
130500,2,3
130528,1,3
130533,2,3
130543,0,0
130550,1,3
130565,0,1
130566,3,3
130572,1,3
130592,2,2
130608,1,4
130612,2,2
130613,2,2
130630,3,4
130642,2,3
130662,1,1
130666,1,4
130669,1,3
130672,3,4
130675,1,2
130697,3,1
130700,1,2
130710,1,2
130722,1,0
130728,1,2
130731,2,3
130732,1,1
130740,2,4
130743,2,6
130746,2,0
130748,2,1
130759,2,1
130763,0,0
130772,2,2
130777,1,2
130784,1,3
130785,1,3
130791,3,2
130793,1,2
130814,1,2
130824,1,2
130826,2,3
130838,0,0
130841,3,4
130847,1,2
130848,1,1
130852,1,1
130853,1,3
130856,1,1
130859,1,4
130869,0,0
130872,2,3
130875,1,4
130882,1,1
130889,1,3
130893,1,3
130895,2,2
130906,1,1
130919,2,2
130940,1,1
130953,2,2
130955,2,4
130974,3,4
130982,3,4
130989,1,2
131007,1,4
131016,0,0
131030,0,0
131031,0,1
131035,2,5
131042,1,4
131044,2,3
131063,1,3
131064,1,2
131077,3,3
131083,1,3
131094,1,3
131095,1,2
131109,2,5
131129,2,3
131143,3,3
131147,1,2
131148,1,1
131151,0,2
131158,1,3
131159,1,0
131163,1,2
131170,1,2
131181,2,2
131182,1,3
131201,3,4
131204,2,1
131217,1,1
131223,0,0
131231,1,3
131241,1,3
131245,1,2
131261,1,3
131276,1,3
131278,1,2
131279,1,3
131282,1,2
131289,1,3
131302,1,3
131306,2,3
131312,2,2
131314,0,0
131321,3,3
131322,3,0
131323,1,3
131334,1,3
131335,1,2
131338,2,5
131341,1,2
131349,3,3
131361,0,1
131368,2,3
131375,1,2
131377,1,3
131389,1,1
131390,1,3
131391,2,3
131404,1,3
131407,1,3
131416,2,3
131418,1,2
131421,1,0
131433,1,3
131453,1,3
131454,1,2
131460,1,3
131464,0,2
131470,2,3
131485,0,0
131486,1,2
131488,1,3
131493,0,3
131501,1,3
131520,2,0
131522,1,3
131523,1,2
131540,0,0
131546,1,4
131549,1,3
131561,1,3
131574,3,4
131582,1,1
131587,3,3
131596,1,3
131598,1,3
131605,1,3
131616,1,3
131620,2,3
131630,2,2
131634,2,3
131639,3,3
131648,3,3
131666,3,4
131673,2,2
131676,1,2
131678,1,1
131682,2,2
131698,1,3
131705,1,3
131714,1,1
131715,3,4
131728,1,2
131738,3,3
131744,2,3
131750,1,2
131751,1,0
131756,1,2
131757,1,3
131760,1,2
131768,3,2
131784,1,3
131785,0,1
131789,0,2
131790,3,2
131794,2,3
131801,3,3
131835,0,1
131850,3,4
131851,2,3
131857,3,4
131867,0,0
131868,1,3
131870,2,3
131880,2,3
131885,1,2
131888,1,3
131893,0,2
131896,1,3
131898,1,3
131911,1,3
131912,1,3
131940,1,2
131948,1,3
131960,2,3
131962,1,1
131966,1,3
131984,3,3
131986,3,4
131991,1,3
131993,1,3
131999,0,0
132001,1,3
132003,1,3
132022,1,2
132040,3,4
132045,1,2
132049,1,1
132052,1,3
132059,1,1
132066,1,3
132070,3,4
132076,0,0
132088,1,1
132089,1,2
132103,1,2
132108,3,3
132109,1,3
132127,1,4
132131,0,0
132132,1,3
132133,2,2
132134,2,4
132135,1,2
132144,1,3
132151,1,3
132154,1,3
132158,1,3
132159,1,3
132161,2,3
132164,0,2
132168,3,4
132192,0,0
132201,2,2
132203,1,0
132205,0,2
132206,1,2
132208,1,0
132218,1,3
132221,1,1
132235,2,2
132236,1,0
132243,1,2
132254,0,0
132263,1,3
132291,2,3
132293,1,3
132297,1,2
132303,1,3
132308,1,1
132315,1,4
132321,1,2
132325,3,4
132326,1,3
132330,2,2
132345,1,3
132346,1,3
132350,1,0
132396,1,2
132415,1,2
132428,1,3
132433,1,3
132437,0,0
132438,0,1
132441,0,1
132442,1,3
132450,3,4
132456,0,1
132458,3,4
132459,1,4
132461,1,1
132467,1,3
132468,1,2
132483,2,5
132484,1,2
132491,1,1
132495,1,3
132512,1,0
132515,1,3
132521,0,1
132534,3,4
132542,1,3
132544,2,3
132549,1,2
132555,1,2
132561,1,4
132577,1,2
132578,1,0
132582,2,3
132585,2,3
132589,2,3
132600,1,1
132606,2,1
132612,1,4
132613,0,0
132620,2,2
132622,1,3
132628,0,0
132632,0,0
132636,2,3
132638,1,1
132644,3,4
132649,1,3
132652,0,0
132658,1,2
132660,1,3
132666,1,3
132671,0,1
132678,3,4
132685,3,4
132689,1,2
132700,3,4
132707,0,0
132715,3,4
132718,1,3
132721,1,2
132722,2,4
132725,1,1
132734,0,0
132737,1,1
132741,2,2
132745,1,3
132750,1,3
132755,0,0
132762,1,3
132772,1,3
132781,2,2
132791,1,2
132793,1,3
132800,1,2
132803,1,2
132820,2,4
132822,1,3
132825,1,2
132834,3,4
132836,1,2
132841,1,2
132843,1,3
132845,1,1
132846,0,2
132851,2,1
132852,2,3
132868,0,0
132869,0,1
132872,2,2
132875,1,3
132879,2,3
132883,1,3
132885,2,2
132886,3,3
132887,1,3
132888,1,0
132890,2,3
132891,2,2
132893,1,2
132898,2,4
132906,1,3
132909,3,3
132910,1,1
132915,1,2
132921,1,1
132924,1,2
132925,0,1
132932,1,2
132934,1,3
132947,0,1
132959,1,2
132961,1,3
132962,1,2
132975,1,2
132979,1,3
132982,1,2
132988,1,3
133001,0,0
133017,1,2
133025,3,2
133035,1,3
133048,1,3
133050,2,4
133052,1,2
133055,1,2
133057,1,1
133059,3,4
133064,0,0
133075,1,3
133081,0,0
133082,3,4
133087,2,3
133088,1,2
133100,3,4
133106,3,4
133108,0,0
133109,1,3
133121,2,2
133134,2,3
133141,3,4
133143,0,0
133146,1,4
133147,1,0
133150,3,4
133152,2,3
133154,1,4
133171,0,0
133176,1,2
133195,1,3
133207,1,3
133216,3,4
133222,3,3
133224,1,3
133226,0,1
133230,1,2
133246,0,0
133251,1,3
133256,1,4
133263,1,2
133266,1,1
133267,3,4
133272,3,4
133280,1,1
133308,1,3
133309,1,2
133310,1,4
133313,1,2
133315,1,0
133317,1,3
133320,1,3
133343,1,4
133345,1,2
133349,1,3
133350,2,2
133351,1,1
133356,1,3
133360,1,2
133364,0,1
133374,2,3
133378,1,1
133391,1,2
133401,1,2
133405,1,2
133408,1,3
133421,1,2
133429,1,3
133450,0,0
133457,3,4
133482,2,2
133503,2,3
133508,1,4
133509,1,0
133515,2,3
133525,1,3
133526,1,3
133529,1,2
133532,1,2
133545,1,3
133551,0,0
133555,1,3
133559,1,2
133560,1,2
133564,4,3
133571,1,3
133575,1,1
133584,0,1
133610,3,4
133612,1,2
133622,1,2
133623,1,2
133630,1,3
133631,2,3
133635,1,2
133637,3,4
133642,1,3
133643,1,2
133654,1,3
133662,1,3
133676,0,0
133679,1,2
133682,1,0
133688,1,3
133694,1,0
133698,3,3
133701,1,1
133703,2,2
133708,2,5
133721,2,2
133758,3,2
133761,1,2
133766,2,3
133767,1,4
133786,3,2
133794,1,3
133798,2,3
133813,1,1
133816,3,4
133821,1,3
133823,0,0
133830,0,0
133835,1,3
133837,1,2
133843,1,4
133849,2,4
133856,1,2
133864,1,2
133868,2,4
133872,1,2
133873,2,2
133875,3,3
133885,1,2
133900,3,4
133911,0,0
133936,2,2
133948,1,1
133956,2,3
133958,1,1
133963,1,3
133972,3,4
133976,0,1
134000,3,4
134002,1,3
134007,1,2
134015,2,2
134026,3,4
134028,2,2
134032,2,3
134034,1,2
134037,1,3
134047,1,2
134050,3,2
134065,1,2
134086,0,0
134090,2,5
134093,3,2
134104,1,1
134106,1,1
134107,2,3
134124,1,2
134138,1,1
134152,3,4
134159,3,2
134160,1,3
134166,3,4
134170,2,4
134185,2,2
134192,3,4
134197,2,2
134201,1,0
134202,1,0
134220,1,3
134223,1,3
134224,3,4
134245,1,4
134255,1,2
134265,1,4
134270,0,2
134275,1,2
134282,3,2
134285,1,1
134289,1,2
134302,1,3
134317,1,0
134322,2,5
134323,1,0
134324,1,3
134327,1,3
134329,1,3
134330,3,3
134333,3,4
134335,1,2
134336,1,3
134350,0,0
134351,1,2
134358,1,3
134362,1,4
134375,2,5
134377,1,3
134385,1,3
134386,1,4
134389,0,0
134398,1,3
134401,1,3
134411,1,1
134417,1,4
134432,1,3
134444,0,0
134447,1,2
134449,1,3
134456,1,1
134463,1,3
134464,2,3
134468,1,2
134482,1,4
134494,1,3
134497,2,3
134498,1,1
134508,1,2
134512,3,3
134519,3,1
134530,1,3
134539,1,3
134557,2,2
134566,1,1
134574,1,3
134583,1,1
134589,2,3
134592,1,0
134597,1,1
134602,0,0
134611,1,3
134613,3,4
134623,2,1
134625,0,0
134641,1,2
134642,1,0
134647,2,2
134653,2,5
134667,1,2
134668,2,3
134670,1,4
134676,1,3
134677,1,3
134685,3,4
134691,0,0
134703,3,3
134706,1,1
134735,2,3
134737,1,2
134747,1,2
134750,1,3
134757,3,3
134759,1,3
134767,1,3
134769,1,0
134770,3,4
134773,1,1
134783,0,0
134802,1,3
134817,0,1
134822,0,1
134824,1,3
134825,2,3
134835,2,3
134846,1,3
134848,1,3
134852,1,1
134854,1,2
134855,1,3
134857,0,0
134866,1,2
134868,2,2
134888,1,2
134892,1,3
134895,0,0
134896,1,3
134900,1,1
134909,1,3
134916,0,0
134923,1,3
134925,1,3
134928,2,2
134931,0,2
134932,1,3
134933,1,3
134938,3,2
134943,3,1
134962,2,5
134964,1,2
134967,1,2
134968,0,2
134977,0,0
134978,3,4
134989,1,3
134990,1,2
134999,0,1
135006,1,3
135008,1,3
135010,1,2
135017,2,3
135025,1,2
135030,1,0
135035,0,0
135040,2,3
135046,1,3
135047,1,2
135065,1,2
135067,2,1
135074,2,5
135078,3,3
135089,2,3
135090,2,5
135091,1,3
135105,2,3
135111,1,3
135115,3,3
135122,2,2
135123,1,3
135125,1,3
135140,0,0
135194,3,4
135197,2,3
135198,0,0
135204,2,3
135214,0,0
135215,2,3
135219,2,3
135220,1,1
135229,1,3
135235,1,3
135237,3,4
135243,2,2
135245,1,0
135251,2,2
135254,1,2
135261,1,2
135267,1,2
135268,0,0
135270,1,1
135297,2,2
135304,1,2
135326,1,3
135333,1,1
135335,1,1
135336,1,4
135340,0,0
135343,1,3
135349,3,4
135363,1,4
135371,2,5
135385,0,0
135400,2,2
135406,3,4
135408,1,3
135411,2,0
135413,3,4
135415,3,4
135430,1,3
135437,3,2
135439,1,0
135441,1,0
135444,1,2
135452,1,3
135453,2,3
135466,1,2
135477,2,3
135480,0,0
135483,3,5
135485,0,0
135489,1,2
135492,1,3
135497,1,3
135509,1,2
135511,3,4
135518,1,2
135526,1,3
135530,1,3
135535,1,3
135550,1,2
135553,1,3
135556,1,3
135557,2,2
135561,1,1
135564,2,4
135581,1,3
135582,1,1
135587,1,3
135588,1,3
135591,1,2
135593,1,4
135595,3,1
135599,1,0
135611,2,2
135632,3,3
135633,1,4
135642,1,1
135643,1,3
135646,1,2
135648,2,5
135650,3,3
135652,2,3
135658,2,3
135668,2,3
135671,2,2
135681,2,3
135685,1,1
135689,1,3
135690,3,4
135691,1,2
135695,1,1
135703,1,4
135714,1,2
135720,1,3
135726,2,2
135734,2,2
135737,3,3
135742,1,3
135766,3,4
135767,1,1
135784,1,4
135785,3,2
135791,1,1
135795,1,2
135798,1,3
135799,1,2
135803,1,3
135804,3,3
135807,1,3
135808,2,2
135811,1,3
135819,2,3
135827,2,3
135832,3,4
135833,1,3
135838,0,0
135841,1,2
135845,1,2
135852,1,4
135855,1,3
135857,1,2
135858,1,3
135861,3,2
135863,1,2
135873,1,3
135892,1,3
135901,1,3
135904,0,0
135911,1,3
135918,1,2
135920,2,2
135922,3,3
135926,1,3
135937,2,3
135954,1,3
135958,1,3
135961,1,2
135973,1,2
135974,2,5
135976,0,0
135980,2,3
135982,2,3
135995,1,2
135996,1,3
135998,3,4
136001,1,1
136003,1,3
136012,3,4
136045,1,2
136048,1,2
136051,1,4
136061,0,1
136067,2,4
136070,1,1
136084,1,3
136090,1,1
136095,1,3
136099,1,3
136107,1,3
136116,3,4
136131,1,1
136132,1,3
136140,1,2
136146,1,1
136152,1,3
136167,1,3
136185,1,3
136189,1,3
136191,1,3
136210,2,3
136214,2,2
136215,1,3
136218,1,1
136231,1,1
136240,1,3
136242,1,2
136246,1,2
136255,1,1
136263,1,2
136265,1,0
136270,2,2
136279,1,2
136285,1,3
136320,1,2
136324,0,0
136335,2,3
136336,1,1
136338,0,1
136340,1,3
136352,2,2
136356,1,3
136361,2,2
136364,0,0
136369,0,0
136374,1,4
136379,3,2
136382,3,4
136385,0,1
136393,1,3
136408,2,3
136410,1,1
136423,1,2
136425,2,5
136446,1,2
136458,1,0
136459,2,3
136466,0,0
136469,1,3
136481,2,3
136483,1,2
136484,1,3
136491,1,3
136493,1,2
136500,1,2
136504,3,5
136508,2,3
136509,0,0
136514,1,3
136517,1,2
136519,2,3
136536,1,2
136542,3,4
136562,0,0
136572,1,3
136586,0,0
136589,2,3
136596,1,2
136607,1,1
136611,1,1
136627,2,3
136637,1,3
136647,1,3
136652,3,4
136666,1,3
136683,1,2
136686,1,3
136699,1,1
136701,2,1
136704,1,3
136714,1,3
136729,1,1
136730,2,2
136732,2,3
136769,1,3
136770,3,2
136781,0,0
136785,1,3
136792,1,4
136808,1,2
136816,2,1
136824,2,5
136826,0,0
136829,2,3
136837,1,1
136841,1,3
136844,2,2
136862,1,3
136863,1,2
136866,1,1
136878,1,3
136879,1,3
136882,3,3
136887,1,4
136893,2,3
136895,3,4
136907,1,2
136911,3,1
136913,1,2
136914,1,3
136918,2,2
136920,1,3
136925,1,3
136927,2,4
136936,1,2
136937,1,1
136938,1,1
136939,1,0
136940,2,1
136947,1,1
136953,1,3
136963,3,4
136965,1,3
136971,2,3
136972,1,3
136979,1,3
136982,1,3
136984,1,3
136991,1,1
137008,1,1
137024,1,2
137029,1,3
137059,1,3
137066,3,4
137067,1,2
137069,3,4
137074,3,2
137075,1,3
137078,1,2
137083,1,3
137086,2,3
137113,3,4
137114,0,0
137115,1,3
137126,1,2
137130,1,4
137132,2,1
137141,1,2
137147,1,3
137155,1,3
137156,3,4
137157,1,3
137168,2,3
137169,1,2
137170,1,3
137171,1,3
137182,1,3
137198,0,1
137211,2,5
137241,1,0
137245,1,1
137246,0,0
137247,0,0
137254,3,4
137264,1,2
137269,0,0
137271,3,4
137279,1,0
137283,2,3
137284,1,2
137287,1,3
137306,1,2
137309,1,3
137321,1,3
137327,3,4
137329,2,1
137331,2,2
137342,2,3
137355,1,3
137364,1,0
137373,2,5
137389,1,3
137402,1,2
137412,1,3
137415,1,3
137438,1,2
137452,0,1
137454,3,4
137456,3,3
137458,3,4
137461,1,1
137465,3,2
137467,1,1
137471,1,3
137472,2,2
137486,1,3
137487,2,0
137491,1,3
137501,1,0
137502,4,3
137506,1,0
137514,3,3
137516,1,1
137525,0,0
137527,2,4
137541,3,3
137561,1,2
137569,1,3
137580,1,4
137581,3,4
137588,1,3
137595,1,1
137596,1,3
137598,1,3
137605,1,4
137614,2,2
137615,1,1
137620,1,3
137648,1,2
137649,1,2
137656,1,3
137666,2,4
137667,1,3
137670,1,3
137672,1,3
137675,3,3
137679,1,3
137683,1,0
137715,3,1
137719,1,4
137720,1,3
137724,2,5
137725,3,3
137726,1,3
137727,1,3
137734,1,3
137742,3,4
137746,1,3
137761,1,3
137763,1,0
137792,1,1
137800,1,4
137806,2,3
137811,1,4
137815,1,3
137821,2,2
137832,1,3
137834,1,2
137839,0,0
137840,3,2
137843,1,3
137846,2,5
137847,1,2
137858,2,3
137860,3,4
137867,0,0
137876,3,4
137877,1,4
137881,1,3
137884,1,2
137897,3,4
137904,1,3
137921,3,4
137949,1,1
137957,3,4
137958,1,4
137960,2,2
137970,3,4
137983,1,2
137986,1,3
137990,2,3
137991,1,2
138000,1,1
138001,1,2
138002,1,4
138003,1,1
138004,1,1
138005,1,3
138009,2,3
138011,3,4
138014,1,3
138015,3,4
138028,1,2
138035,1,3
138056,2,3
138057,3,4
138064,1,3
138069,1,2
138071,3,4
138073,1,3
138075,1,3
138092,3,4
138094,1,3
138097,2,2
138102,3,3
138112,4,3
138114,3,2
138118,2,1
138125,1,4
138129,3,4
138142,2,3
138143,1,2
138157,1,1
138163,0,0
138227,2,3
138230,1,3
138232,1,2
138247,1,4
138262,1,2
138267,3,4
138268,0,1
138277,3,2
138281,1,2
138282,1,3
138290,1,1
138302,2,6
138319,1,2
138320,1,3
138329,1,2
138332,1,3
138337,3,4
138343,1,2
138348,1,3
138351,2,5
138354,2,2
138365,3,4
138366,2,0
138375,0,0
138379,1,2
138380,1,3
138382,2,3
138383,1,2
138386,1,3
138387,1,3
138393,1,0
138396,1,4
138410,1,1
138415,0,0
138441,1,3
138447,1,2
138450,1,2
138454,3,4
138457,2,5
138458,1,2
138460,2,4
138465,1,2
138466,2,5
138475,1,2
138486,1,3
138487,2,3
138505,1,4
138507,2,2
138512,3,3
138514,2,3
138517,1,2
138519,1,3
138523,2,3
138524,2,3
138529,2,5
138540,3,2
138543,1,3
138545,1,3
138550,2,5
138554,2,2
138557,1,3
138560,1,3
138567,1,0
138568,1,4
138570,1,2
138571,2,3
138592,1,1
138597,1,4
138607,1,2
138608,3,4
138609,1,3
138610,2,0
138617,2,2
138618,1,2
138622,3,3
138623,1,3
138624,2,1
138634,1,3
138637,1,3
138643,1,1
138645,1,3
138648,1,4
138649,2,3
138650,0,0
138662,1,3
138666,2,3
138671,2,0
138673,1,1
138685,3,4
138686,3,4
138689,3,4
138692,1,2
138693,3,2
138721,1,4
138734,1,2
138753,3,4
138757,1,1
138763,1,3
138764,1,3
138787,1,2
138797,1,2
138798,0,1
138803,1,3
138810,3,4
138815,1,2
138816,3,3
138818,1,3
138821,1,2
138840,1,2
138842,2,3
138850,1,3
138863,1,3
138866,3,4
138870,1,1
138871,1,2
138880,1,2
138895,3,3
138904,2,3
138909,2,4
138911,2,2
138916,2,3
138928,1,4
138941,2,2
138947,0,2
138955,1,3
138958,2,0
138966,1,3
138977,1,1
138993,1,3
138994,1,3
138999,1,2
139003,1,0
139007,1,3
139018,1,2
139019,1,3
139022,1,3
139027,0,0
139031,2,4
139033,3,0
139038,3,4
139050,2,2
139058,1,0
139061,1,4
139062,3,2
139075,2,4
139080,1,2
139095,1,1
139096,0,0
139113,1,1
139123,2,3
139124,2,2
139141,3,4
139144,3,4
139145,1,3
139147,1,3
139155,3,4
139156,1,3
139157,1,3
139158,2,4
139163,1,3
139171,3,4
139174,3,4
139176,4,3
139177,0,0
139181,3,2
139187,2,2
139191,2,3
139196,2,2
139198,1,3
139202,1,1
139225,1,2
139244,0,0
139246,1,0
139250,1,3
139259,1,0
139264,2,3
139270,1,2
139274,0,0
139280,1,1
139289,1,2
139290,1,1
139292,1,3
139293,0,0
139299,0,0
139304,2,3
139306,1,3
139309,3,3
139333,1,3
139345,1,3
139366,1,2
139373,2,1
139379,1,3
139385,2,3
139395,1,2
139396,0,0
139401,3,3
139404,1,3
139407,2,3
139416,1,3
139429,3,4
139434,2,3
139443,1,4
139456,1,2
139457,1,3
139460,1,0
139462,2,0
139468,1,3
139469,2,3
139480,1,3
139482,1,3
139485,3,3
139498,1,3
139500,1,3
139505,1,1
139512,1,3
139513,1,1
139515,3,4
139516,2,3
139520,1,3
139535,1,1
139540,2,3
139563,0,0
139569,1,3
139577,3,2
139588,1,4
139606,1,2
139608,1,1
139614,1,3
139619,1,3
139624,1,4
139632,1,1
139644,1,2
139686,1,2
139689,1,1
139697,2,3
139710,2,3
139712,2,3
139754,1,3
139759,1,2
139762,0,0
139764,2,2
139770,1,3
139778,2,1
139783,1,3
139789,1,0
139798,3,2
139810,2,3
139815,0,0
139819,0,3
139825,0,1
139838,3,2
139865,1,4
139869,1,1
139884,1,4
139890,1,3
139895,0,2
139899,1,3
139907,2,3
139910,1,3
139913,1,2
139923,2,2
139937,1,3
139943,1,3
139953,1,2
139959,1,3
139970,0,1
139971,3,4
139976,0,0
139983,1,3
139987,0,0
139993,2,1
139998,2,3
140013,3,4
140015,1,2
140027,1,2
140034,1,3
140040,2,4
140062,1,3
140081,1,3
140097,3,4
140098,3,4
140101,0,0
140106,1,2
140110,0,0
140115,1,3
140117,0,0
140118,2,0
140125,0,0
140141,2,2
140142,1,2
140143,1,3
140144,1,3
140146,1,1
140147,1,2
140148,0,1
140150,1,3
140151,1,2
140159,1,3
140165,3,2
140168,1,2
140170,2,5
140188,1,1
140208,3,4
140213,2,4
140231,1,3
140241,0,1
140244,1,3
140246,2,1
140248,3,1
140250,0,0
140254,3,4
140264,1,0
140265,1,0
140269,2,3
140272,2,2
140274,1,2
140278,1,2
140294,1,0
140296,0,1
140304,2,3
140314,2,2
140323,1,1
140336,0,2
140341,2,2
140342,1,1
140353,0,0
140364,1,2
140366,1,3
140371,3,4
140372,1,2
140376,2,2
140379,0,0
140383,1,3
140384,2,2
140386,1,3
140390,0,0
140402,1,3
140407,1,4
140410,1,3
140413,1,0
140419,1,2
140442,1,3
140449,2,3
140461,2,3
140465,2,0
140468,2,3
140479,1,4
140486,1,3
140495,1,1
140504,2,6
140517,1,3
140518,1,3
140519,3,2
140522,3,2
140528,3,4
140530,1,0
140538,1,0
140539,1,1
140540,0,0
140545,1,3
140549,1,3
140558,3,4
140566,2,2
140569,2,1
140574,1,4
140575,1,2
140577,2,3
140580,1,3
140586,3,4
140593,3,3
140599,1,1
140621,1,2
140625,1,3
140626,1,3
140630,1,3
140645,1,2
140648,1,3
140657,2,5
140682,1,2
140690,1,2
140707,1,2
140739,1,2
140753,3,4
140758,1,1
140766,3,4
140770,1,3
140773,1,3
140777,1,2
140780,3,3
140792,2,3
140800,1,0
140805,2,4
140829,1,3
140832,1,2
140841,1,0
140842,1,1
140850,0,0
140852,1,2
140861,1,3
140875,1,4
140878,1,3
140884,1,2
140887,1,3
140892,2,3
140893,1,2
140897,3,4
140901,1,1
140905,2,3
140907,1,4
140916,1,3
140917,1,3
140933,1,3
140943,3,3
140946,1,3
140953,1,4
140966,2,2
140972,2,3
140975,0,0
140986,0,0
140989,1,3
140995,1,3
141001,3,4
141015,1,1
141019,2,2
141023,3,2
141033,3,1
141037,0,0
141041,2,3
141048,1,1
141050,0,0
141059,1,2
141063,1,2
141067,2,3
141073,0,0
141082,1,1
141085,1,2
141092,1,3
141095,2,3
141096,2,3
141103,2,3
141107,2,2
141116,3,3
141118,1,3
141123,1,2
141131,2,3
141148,3,3
141152,1,2
141161,3,4
141202,2,3
141203,3,4
141204,0,0
141205,3,2
141206,1,3
141207,1,3
141209,1,2
141212,1,3
141213,1,0
141217,1,3
141221,1,1
141226,1,3
141227,1,2
141233,2,3
141238,1,3
141239,0,0
141240,1,3
141241,1,3
141246,2,3
141272,2,4
141273,1,3
141280,1,2
141283,1,3
141294,0,0
141305,3,3
141338,1,1
141344,1,2
141346,2,4
141350,1,2
141361,1,3
141397,1,3
141401,1,3
141403,2,4
141406,1,4
141409,1,3
141418,1,3
141420,1,3
141421,0,0
141427,1,0
141431,2,3
141438,2,3
141452,1,2
141454,2,3
141455,1,0
141456,1,2
141457,2,3
141458,3,3
141497,1,2
141498,2,3
141517,3,1
141521,2,0
141523,2,2
141529,0,0
141534,3,2
141535,1,3
141537,1,2
141544,2,2
141546,3,4
141558,0,0
141561,1,2
141563,0,0
141567,1,4
141580,1,3
141581,1,2
141584,1,3
141592,0,0
141599,0,0
141612,2,2
141617,1,3
141624,1,0
141630,1,2
141634,2,3
141650,1,3
141652,2,0
141664,3,1
141665,1,3
141669,1,1
141670,1,3
141677,1,1
141678,1,2
141680,0,0
141683,0,0
141686,1,1
141688,0,0
141692,1,1
141693,1,2
141694,1,2
141695,0,0
141698,2,0
141706,1,3
141709,1,2
141724,1,3
141733,3,1
141755,1,1
141764,1,0
141768,3,4
141774,0,0
141784,1,1
141785,1,3
141788,1,3
141791,1,0
141801,3,2
141806,1,3
141807,1,3
141810,1,3
141812,1,3
141813,1,2
141816,0,0
141818,0,0
141829,1,2
141832,1,4
141851,0,2
141869,1,4
141878,3,4
141886,2,3
141888,1,3
141897,2,4
141923,1,3
141930,2,3
141932,1,2
141939,0,1
141949,1,2
141960,1,3
141969,1,2
141978,0,1
141991,1,2
141994,1,3
142001,2,3
142008,3,4
142017,1,4
142021,1,3
142027,1,3
142029,1,3
142033,1,1
142037,2,5
142038,1,2
142054,2,2
142076,1,3
142092,2,2
142098,1,3
142099,1,4
142108,1,3
142114,3,4
142117,1,3
142120,2,0
142124,0,1
142132,2,3
142142,2,2
142151,1,2
142153,1,3
142155,2,5
142156,1,4
142157,0,0
142168,3,3
142170,1,3
142171,0,0
142176,1,1
142182,1,1
142183,2,2
142198,1,3
142212,2,1
142215,1,3
142218,1,1
142219,1,2
142221,1,3
142223,2,2
142224,1,3
142229,1,3
142249,2,3
142264,0,0
142274,3,4
142275,0,2
142281,1,3
142293,0,0
142301,1,2
142318,3,3
142320,2,1
142324,0,3
142329,2,3
142331,0,1
142336,1,3
142351,0,1
142354,3,4
142355,1,2
142357,2,1
142358,1,3
142362,2,2
142363,1,3
142364,1,2
142367,0,0
142380,2,3
142386,3,4
142387,1,2
142389,1,1
142391,3,4
142392,1,2
142393,1,3
142414,1,3
142418,1,1
142422,1,4
142430,1,3
142454,3,3
142465,2,3
142473,2,3
142474,1,3
142475,2,3
142498,3,4
142507,1,4
142512,1,2
142516,1,2
142517,1,3
142518,1,3
142519,1,2
142528,2,3
142529,1,3
142550,0,0
142552,1,2
142554,3,4
142557,1,2
142579,3,4
142581,0,1
142582,3,4
142583,3,3
142584,1,2
142594,3,4
142596,2,2
142601,1,2
142609,2,3
142624,3,3
142639,1,4
142645,1,3
142647,1,0
142651,2,2
142655,1,3
142657,2,3
142663,3,4
142678,1,1
142680,1,2
142688,2,3
142694,1,2
142695,2,3
142701,1,3
142712,1,3
142720,2,4
142744,1,2
142754,1,3
142766,0,1
142777,2,4
142788,1,3
142795,2,3
142797,1,4
142808,2,2
142814,2,3
142820,2,3
142821,1,2
142822,1,2
142842,1,3
142850,2,3
142851,0,0
142852,3,4
142859,1,4
142860,3,4
142861,1,1
142862,3,4
142863,1,2
142864,1,0
142865,1,4
142866,0,0
142881,1,1
142884,1,3
142885,1,3
142899,1,1
142909,1,1
142915,1,1
142918,3,3
142924,1,3
142929,1,3
142937,1,3
142946,1,4
142960,1,3
142962,1,2
142966,1,3
142967,0,1
142975,1,3
142979,1,2
142991,1,2
142994,2,5
142995,1,3
142996,1,2
142998,2,1
142999,3,4
143005,3,2
143007,1,0
143009,2,2
143013,1,2
143023,2,3
143025,1,3
143039,1,2
143071,1,3
143086,0,0
143087,3,4
143093,1,2
143102,1,2
143109,2,3
143114,1,3
143118,3,4
143128,3,3
143132,0,0
143138,0,0
143241,1,2
143242,1,3
143256,1,4
143260,3,4
143263,3,4
143270,1,3
143286,1,3
143287,1,3
143288,1,2
143289,1,1
143294,1,3
143304,1,3
143310,0,0
143314,2,4
143317,1,1
143325,0,0
143335,0,0
143342,2,3
143344,1,4
143361,1,2
143363,1,2
143369,1,4
143372,1,3
143385,1,2
143392,0,1
143403,1,3
143413,1,2
143415,1,2
143417,1,3
143421,3,2
143422,1,3
143425,3,3
143446,1,2
143462,3,3
143463,0,0
143465,1,2
143466,0,0
143467,1,2
143469,0,0
143486,1,2
143495,2,4
143497,1,3
143518,2,2
143522,1,1
143523,2,1
143528,2,2
143529,1,1
143532,1,2
143540,1,1
143545,0,1
143550,2,4
143555,1,3
143556,1,3
143562,1,3
143567,3,4
143570,1,2
143575,1,3
143579,1,1
143584,1,1
143594,2,2
143601,1,4
143618,3,2
143620,2,3
143626,1,4
143631,3,4
143639,1,2
143650,3,4
143652,2,1
143654,2,3
143667,1,3
143685,1,2
143686,1,3
143689,0,0
143693,3,3
143699,1,2
143710,1,2
143718,2,3
143730,1,3
143732,0,2
143733,3,4
143738,1,3
143743,1,3
143745,1,2
143750,1,2
143752,2,5
143757,3,3
143760,0,2
143761,1,2
143768,1,2
143784,1,2
143788,1,3
143790,3,3
143792,1,3
143806,1,3
143812,1,3
143813,0,0
143829,1,1
143839,2,4
143857,1,3
143863,2,3
143868,1,2
143870,1,3
143872,1,4
143875,1,3
143880,2,3
143885,1,4
143889,1,3
143895,1,1
143902,1,3
143911,1,3
143918,2,3
143934,1,0
143938,3,4
143950,1,3
143953,2,3
143955,1,1
143974,1,2
143978,0,2
143989,1,3
143993,1,3
143994,2,3
143996,1,3
144005,0,0
144019,2,3
144034,3,4
144035,1,0
144036,4,2
144041,1,3
144054,2,2
144057,0,1
144063,4,0
144068,2,0
144069,2,5
144073,3,3
144077,3,4
144078,0,1
144082,3,2
144083,0,2
144085,3,1
144094,1,3
144095,1,3
144104,4,1
144118,3,3
144130,0,1
144145,1,3
144150,1,3
144163,0,0
144176,1,3
144179,1,3
144182,0,0
144196,1,4
144200,2,3
144203,1,3
144209,1,3
144210,1,3
144220,1,3
144229,3,3
144232,1,4
144237,0,1
144239,1,2
144244,1,3
144250,1,3
144255,1,3
144261,1,1
144263,3,4
144267,1,3
144275,0,3
144278,1,0
144284,1,4
144285,1,2
144286,1,3
144301,3,4
144304,1,1
144310,1,2
144329,1,3
144338,1,3
144349,1,2
144358,3,4
144362,1,2
144363,1,3
144365,0,0
144367,1,0
144369,2,2
144371,3,4
144374,1,2
144381,1,0
144382,1,2
144388,1,2
144398,0,0
144405,1,3
144414,0,1
144417,3,4
144430,3,1
144434,0,0
144445,3,2
144452,0,1
144455,1,2
144468,1,3
144470,1,3
144473,0,0
144478,1,2
144497,1,1
144501,2,1
144507,0,1
144527,1,3
144532,1,2
144555,1,3
144560,1,2
144566,2,3
144571,2,3
144588,1,3
144596,2,5
144599,3,1
144611,1,2
144614,2,5
144616,1,3
144627,2,1
144673,1,1
144677,1,2
144679,1,2
144685,3,4
144695,2,2
144698,1,3
144705,2,3
144714,1,3
144717,1,2
144736,1,4
144753,0,0
144772,1,2
144778,1,3
144780,3,4
144783,1,3
144808,1,1
144812,1,3
144815,1,3
144824,3,3
144825,1,3
144847,1,2
144879,3,2
144890,3,4
144900,1,3
144908,2,3
144914,1,1
144916,2,3
144926,1,3
144933,1,3
144953,3,3
144954,2,3
144967,2,3
144972,1,2
144974,1,2
144979,1,3
144988,1,2
144989,0,2
145006,1,4
145014,2,4
145020,1,3
145022,1,0
145023,1,2
145025,1,3
145028,1,3
145030,3,4
145033,1,2
145041,0,0
145051,1,0
145055,1,3
145060,3,4
145068,1,4
145074,2,1
145079,1,3
145103,3,4
145117,1,3
145118,2,1
145119,0,0
145120,2,5
145144,1,3
145151,3,2
145153,1,0
145165,2,1
145166,1,2
145171,3,4
145176,2,3
145177,1,1
145186,2,4
145197,1,2
145202,2,2
145209,2,0
145224,3,4
145271,3,4
145272,3,4
145278,0,2
145286,1,2
145293,1,2
145300,2,2
145301,1,1
145306,2,3
145313,1,3
145321,1,2
145323,0,0
145329,1,3
145343,0,0
145361,3,4
145370,1,3
145389,1,2
145397,0,0
145415,1,3
145416,1,3
145420,2,3
145433,0,0
145434,0,1
145439,2,2
145454,1,2
145462,2,4
145472,0,0
145478,1,2
145495,3,2
145496,1,3
145497,1,0
145503,2,2
145505,2,2
145506,1,3
145508,1,4
145513,1,3
145519,1,3
145522,1,3
145525,2,3
145536,1,2
145549,1,3
145562,3,4
145563,4,1
145568,4,3
145574,3,3
145577,1,2
145581,2,2
145583,1,4
145616,1,3
145617,3,4
145621,0,0
145625,1,4
145633,2,4
145640,3,2
145650,3,4
145654,2,3
145667,1,2
145678,1,3
145679,0,0
145687,1,2
145702,1,4
145710,1,2
145713,1,2
145716,1,3
145717,0,0
145721,1,3
145722,3,4
145724,0,0
145732,1,3
145746,1,3
145752,3,1
145763,3,1
145773,1,4
145776,1,1
145779,2,4
145781,1,0
145783,1,2
145785,3,4
145790,1,2
145792,3,3
145794,3,3
145796,3,4
145800,1,2
145803,2,4
145804,2,3
145813,2,4
145827,2,4
145837,4,3
145839,3,4
145854,0,1
145856,0,0
145876,3,4
145877,2,2
145882,1,3
145887,1,2
145888,2,6
145891,1,3
145896,0,1
145925,1,1
145934,1,3
145936,1,3
145944,1,4
145960,1,3
145961,2,3
145970,3,4
145976,1,3
145987,1,2
145989,2,3
145995,1,3
146001,1,2
146003,1,3
146004,3,3
146011,1,3
146039,1,3
146051,3,2
146056,1,4
146060,1,3
146066,1,3
146077,2,3
146091,1,1
146092,1,4
146101,1,2
146132,1,4
146133,1,1
146134,4,3
146143,0,1
146144,2,4
146162,3,4
146172,1,2
146182,1,3
146185,1,3
146187,1,3
146193,0,0
146199,1,2
146214,1,3
146219,1,2
146220,1,3
146223,1,3
146230,0,1
146243,3,2
146245,1,2
146260,2,1
146264,3,2
146267,2,3
146275,2,2
146310,3,1
146318,1,2
146319,1,0
146325,3,4
146338,1,0
146347,1,1
146353,3,3
146359,2,3
146368,1,3
146372,2,1
146378,3,4
146389,1,3
146396,1,2
146400,1,0
146407,1,3
146413,0,0
146414,1,3
146415,1,3
146416,3,0
146417,1,3
146422,1,3
146439,1,3
146466,1,3
146479,3,3
146488,1,3
146494,1,3
146552,1,2
146561,0,0
146568,3,4
146595,1,0
146600,3,4
146605,1,1
146607,2,2
146616,3,4
146634,1,2
146635,1,2
146639,1,2
146661,0,0
146662,0,0
146666,3,0
146683,1,4
146688,1,3
146694,1,2
146695,0,0
146713,1,1
146724,1,3
146740,1,0
146746,1,1
146749,1,3
146772,0,1
146782,1,2
146788,1,3
146799,2,1
146806,3,2
146810,2,5
146816,1,4
146819,1,3
146857,1,2
146860,1,3
146865,1,3
146868,3,4
146876,1,2
146883,1,4
146899,1,3
146901,0,0
146916,1,3
146926,1,3
146945,1,3
146955,3,4
147000,2,1
147004,1,3
147015,1,0
147017,1,3
147022,1,3
147023,1,1
147034,1,2
147040,2,2
147044,1,3
147049,3,4
147066,2,1
147068,1,3
147088,2,1
147099,2,3
147101,3,4
147111,1,2
147112,1,2
147122,1,2
147134,3,4
147138,3,4
147139,4,1
147143,1,1
147144,1,3
147155,4,1
147160,1,3
147180,1,1
147188,1,3
147213,1,3
147223,2,3
147231,0,1
147232,3,4
147238,1,3
147278,1,2
147284,1,3
147290,0,1
147291,2,2
147297,0,2
147299,1,3
147309,1,3
147330,1,2
147335,1,2
147353,3,4
147361,1,4
147366,1,3
147372,1,2
147377,1,2
147380,2,2
147413,1,2
147421,1,3
147430,2,2
147433,3,2
147434,1,3
147436,2,5
147448,2,2
147449,1,3
147462,1,4
147466,1,2
147470,3,3
147471,1,2
147478,0,0
147506,3,4
147508,3,2
147518,2,5
147532,2,2
147539,1,3
147544,1,2
147547,2,2
147550,1,1
147555,3,2
147563,1,3
147569,1,3
147572,1,0
147574,1,3
147591,1,3
147595,1,1
147615,1,3
147626,1,2
147641,0,2
147643,1,3
147648,1,0
147654,1,2
147689,1,3
147717,1,1
147719,2,3
147724,3,4
147743,2,3
147752,1,0
147773,3,4
147776,3,4
147777,1,2
147786,1,3
147792,1,3
147802,1,3
147821,1,3
147823,0,1
147837,0,0
147853,2,2
147854,2,5
147874,1,2
147898,1,2
147901,2,3
147903,1,3
147910,1,2
147913,1,3
147919,1,3
147920,0,0
147931,2,2
147945,1,1
147959,3,3
147984,0,1
147988,2,3
147995,2,4
148002,1,3
148014,1,2
148016,2,3
148043,1,3
148056,1,2
148061,1,3
148062,3,2
148064,1,0
148074,1,3
148107,2,2
148122,2,4
148123,2,2
148126,3,4
148129,2,1
148135,1,3
148136,1,1
148153,1,4
148180,1,1
148198,1,2
