90001,2,2
90017,2,1
90028,0,1
90032,1,0
90035,2,1
90051,2,2
90070,2,1
90078,2,5
90079,3,4
90083,2,3
90087,1,2
90089,2,0
90091,0,0
90092,3,4
90093,0,0
90113,2,1
90116,2,2
90132,4,3
90142,2,5
90144,2,5
90149,2,5
90154,2,2
90155,1,1
90162,2,3
90171,2,0
90174,2,3
90175,2,3
90192,2,0
90204,2,2
90206,3,4
90209,2,1
90212,2,1
90213,2,1
90219,3,4
90223,0,2
90224,0,0
90230,2,2
90236,2,2
90247,2,0
90252,2,0
90254,1,2
90256,2,0
90258,2,1
90260,2,2
90275,2,3
90279,1,1
90280,2,5
90290,2,3
90294,2,0
90299,2,3
90320,2,1
90322,1,1
90329,1,2
90335,3,4
90350,2,2
90352,2,1
90359,2,1
90368,0,1
90386,2,2
90388,2,5
90401,2,1
90403,2,1
90407,1,0
90410,2,3
90416,3,5
90417,3,4
90423,2,1
90432,2,1
90436,3,4
90444,0,0
90450,2,2
90468,1,1
90470,2,1
90472,2,5
90486,0,2
90487,1,1
90498,0,1
90503,2,1
90515,1,1
90516,2,1
90525,2,2
90538,3,3
90548,2,0
90549,1,1
90560,2,1
90561,1,0
90573,2,3
90576,2,0
90580,1,1
90581,2,1
90583,2,1
90587,2,3
90593,2,5
90595,1,3
90600,3,1
90605,1,0
90611,2,5
90613,1,0
90619,2,3
90622,3,1
90623,2,2
90626,2,0
90627,2,2
90646,1,2
90652,1,1
90657,2,4
90673,3,2
90681,2,1
90682,3,4
90686,2,1
90696,2,2
90697,2,3
90703,2,2
90707,1,0
90721,0,0
90723,2,1
90725,1,0
90729,3,4
90738,2,1
90739,2,1
90748,1,0
90756,1,0
90766,2,2
90767,3,4
90774,2,2
90785,2,0
90788,1,0
90789,0,1
90812,2,2
90816,3,1
90820,2,0
90826,2,0
90833,0,0
90845,2,0
90857,1,2
90861,1,0
90864,2,4
90873,2,2
90879,0,0
90882,2,2
90886,2,2
90897,1,1
90901,2,0
90902,1,1
90911,3,4
90914,0,0
90931,2,2
90934,2,2
90939,2,2
90946,1,0
90954,2,0
90958,2,2
90969,2,3
90977,3,4
90987,1,1
90995,2,5
90998,3,1
91003,2,2
91020,3,4
91043,3,3
91050,3,4
91060,3,4
91062,2,3
91071,2,5
91076,1,0
91079,2,2
91080,1,0
91050,3,4
91060,3,4
91062,2,3
91071,2,5
91076,1,0
91079,2,2
91080,1,0
91082,0,0
91083,0,0
91099,5,2
91114,3,2
91136,2,1
91138,2,0
91139,1,3
91143,2,1
91164,1,0
91170,2,3
91171,2,2
91172,2,1
91173,2,2
91185,0,1
91189,2,0
91192,2,1
91199,1,1
91204,2,1
91210,1,1
91217,1,0
91218,0,0
91222,2,2
91223,1,1
91226,2,0
91228,2,3
91236,2,2
91245,0,0
91261,0,0
91267,2,3
91270,1,2
91275,2,2
91276,2,5
91278,2,3
91288,2,0
91293,1,1
91294,3,2
91295,2,1
91297,3,0
91305,2,4
91314,3,4
91316,1,0
91317,2,4
91329,2,5
91338,2,3
91342,2,1
91345,1,2
91358,1,2
91361,0,0
91377,1,2
91380,2,1
91386,2,2
91387,2,2
91391,1,1
91399,2,0
91417,2,3
91418,2,5
91421,2,5
91432,2,2
91436,1,0
91438,2,5
91439,2,1
91450,2,4
91459,1,0
91461,2,2
91467,0,0
91473,2,2
91475,2,0
91478,3,4
91480,2,1
91487,2,2
91489,2,5
91501,2,3
91512,2,2
91513,2,2
91516,2,1
91519,1,0
91527,2,2
91533,1,1
91549,2,1
91559,2,1
91562,2,1
91565,2,5
91569,1,0
91577,1,2
91600,2,0
91607,1,0
91621,2,5
91630,2,0
91631,2,1
91632,2,3
91636,3,4
91640,0,1
91641,1,0
91647,1,0
91648,1,0
91653,2,1
91654,0,0
91673,1,2
91677,3,2
91680,2,1
91682,2,3
91688,2,5
91690,1,1
91705,0,0
91706,3,1
91710,2,2
91711,0,0
91717,2,1
91722,1,0
91740,0,0
91744,2,2
91745,3,1
91748,2,2
91749,2,0
91761,2,5
91762,2,1
91772,3,2
91774,0,0
91791,2,3
91793,4,2
91800,2,2
91803,1,1
91804,2,3
91806,1,0
91825,1,2
91830,2,4
91833,2,1
91835,2,2
91852,1,3
91854,0,0
91867,2,1
91872,1,1
91883,2,3
91884,2,1
91890,2,5
91897,1,2
91908,0,0
91909,2,6
91910,2,1
91913,0,0
91914,2,1
91921,2,2
91922,2,2
91925,1,1
91926,2,3
91927,4,1
91941,3,4
91945,2,1
91946,1,0
91947,2,1
91950,0,1
91957,0,0
91971,2,1
91972,3,4
91973,2,2
91974,2,1
91975,2,2
91984,0,0
91991,2,0
92001,2,2
92002,2,5
92024,2,2
92032,1,2
92039,3,4
92050,2,5
92053,2,2
92071,2,5
92095,0,0
92101,2,1
92102,2,1
92111,1,1
92122,1,1
92136,2,2
92138,1,0
92145,2,3
92147,2,0
92156,2,1
92160,1,3
92167,2,1
92168,2,2
92174,1,0
92176,2,0
92178,2,0
92183,2,5
92188,2,1
92196,0,1
92197,2,1
92207,2,1
92217,1,0
92225,1,1
92235,2,2
92237,0,3
92248,3,1
92259,0,1
92263,2,1
92265,3,2
92267,2,0
92272,2,0
92273,2,2
92284,2,2
92285,2,2
92291,1,0
92298,2,5
92303,1,1
92306,2,1
92309,1,2
92314,0,0
92317,1,2
92329,2,1
92330,1,2
92331,1,0
92332,2,1
92336,2,2
92347,2,2
92349,2,5
92351,2,3
92355,2,2
92356,2,2
92368,2,3
92370,0,2
92376,2,4
92379,2,1
92380,2,1
92388,2,1
92389,2,0
92400,0,0
92402,0,1
92403,2,2
92406,2,4
92409,0,0
92414,2,3
92420,2,2
92421,3,4
92433,2,1
92439,1,1
92441,2,3
92450,4,3
92452,3,2
92459,3,2
92460,2,2
92466,2,0
92470,2,2
92475,3,4
92476,3,4
92480,2,1
92491,2,2
92505,2,1
92506,2,3
92525,3,2
92531,0,0
92533,2,0
92549,0,0
92557,1,0
92558,1,0
92562,2,1
92569,1,0
92588,1,0
92592,2,1
92595,3,1
92598,1,3
92605,2,2
92611,2,2
92616,2,2
92625,2,1
92626,0,1
92641,2,1
92645,2,5
92654,2,2
92666,2,2
92668,2,1
92673,3,4
92693,2,3
92704,3,2
92709,2,0
92713,1,1
92733,2,2
92735,2,0
92745,2,0
92746,1,0
92749,1,2
92751,1,1
92765,3,4
92776,2,1
92797,2,6
92805,1,1
92811,2,1
92825,2,0
92829,2,1
92839,0,0
92845,0,0
92847,0,0
92851,3,4
92859,2,1
92860,1,0
92865,2,4
92884,0,0
92899,1,2
92901,0,0
92902,2,5
92906,2,1
92911,2,3
92916,2,0
92920,2,3
92926,1,1
92939,3,4
92940,2,5
92944,1,1
92952,2,3
92956,1,0
92958,2,1
92968,2,1
92974,2,2
93001,2,5
93002,2,1
93011,2,2
93013,1,1
93019,3,4
93021,2,2
93040,0,0
93055,3,4
93058,2,0
93059,0,0
93067,3,4
93077,2,5
93079,2,5
93082,2,1
93085,2,1
93094,0,0
93102,0,0
93103,3,4
93108,2,5
93120,0,0
93131,2,1
93137,2,1
93148,2,1
93159,0,0
93174,2,5
93177,2,1
93186,2,0
93203,2,5
93206,1,1
93213,0,0
93214,2,3
93219,2,2
93228,0,0
93231,2,2
93236,3,1
93243,1,1
93250,1,1
93251,2,1
93256,2,2
93269,3,4
93279,2,3
93282,2,2
93287,0,3
93297,1,2
93299,0,0
93305,2,0
93307,1,1
93314,2,1
93317,1,1
93318,0,1
93320,2,5
93323,2,1
93326,0,0
93341,2,1
93342,2,0
93355,1,0
93369,2,1
93384,2,2
93394,4,3
93396,3,4
93408,2,2
93420,2,2
93426,1,2
93443,2,5
93452,2,3
93456,2,2
93468,2,2
93470,1,0
93474,0,0
93476,2,3
93482,2,1
93484,1,0
93485,2,2
93495,2,1
93514,2,0
93531,2,3
93537,2,0
93538,2,1
93556,3,4
93557,1,1
93573,2,2
93579,1,1
93589,2,1
93593,0,1
93596,2,5
93600,2,3
93610,2,0
93616,2,4
93626,0,0
93631,3,2
93633,1,0
93637,3,4
93638,2,0
93641,2,1
93657,2,0
93661,2,5
93662,1,0
93667,2,4
93669,0,0
93671,2,0
93672,2,0
93678,1,0
93679,1,0
93682,2,0
93685,2,5
93686,2,2
93689,1,0
93690,2,3
93693,2,5
93698,2,2
93706,2,5
93707,2,3
93710,2,0
93715,1,1
93721,2,1
93722,2,5
93729,2,4
93739,2,5
93749,2,0
93758,1,1
93761,2,2
93764,2,1
93774,2,0
93784,1,2
93791,2,5
93794,1,1
93795,2,5
93802,2,4
93813,0,0
93817,2,4
93833,2,2
93834,2,4
93840,1,0
93851,3,1
93858,3,3
93868,2,1
93871,1,0
93877,2,1
93886,2,2
93895,2,1
93903,2,0
93908,2,1
93914,2,0
93920,2,5
93925,2,2
93926,2,2
93927,2,1
93942,2,1
93951,2,0
93953,0,0
93955,3,1
93960,2,3
93963,0,0
93968,2,1
93971,1,0
93978,2,1
93980,2,5
93987,3,4
93991,2,0
93999,2,5
94002,1,1
94009,1,1
94012,1,0
94024,2,2
94028,0,0
94042,2,2
94044,0,1
94048,2,1
94053,2,1
94060,2,1
94062,2,1
94088,2,5
94089,0,0
94091,2,0
94095,2,2
94099,0,0
94105,2,1
94118,2,4
94122,2,1
94130,3,1
94140,2,1
94148,1,1
94157,2,3
94158,2,0
94161,3,1
94163,1,2
94186,2,1
94201,2,1
94212,1,0
94218,2,0
94233,1,1
94238,2,0
94239,1,2
94250,2,0
94257,2,3
94261,0,0
94273,2,5
94293,2,3
94301,2,2
94324,0,0
94325,2,0
94332,1,0
94364,2,1
94368,1,0
94381,2,1
94394,2,5
94402,2,0
94413,1,4
94414,1,0
94428,2,0
94452,2,2
94457,1,1
94462,2,3
94464,4,1
94468,2,1
94477,0,0
94486,3,4
94490,2,2
94491,2,1
94498,2,2
94514,2,1
94522,2,1
94526,0,0
94540,2,1
94561,2,1
94585,2,1
94586,2,5
94587,1,1
94588,1,1
94604,2,2
94619,1,1
94622,2,1
94627,3,4
94641,2,5
94646,2,3
94647,2,3
94648,0,0
94652,0,0
94689,2,3
94695,2,5
94699,4,3
94702,3,4
94704,2,1
94708,2,1
94714,1,2
94721,3,4
94725,2,4
94735,1,0
94739,1,1
94741,0,0
94742,1,2
94755,2,2
94756,1,1
94761,3,2
94769,2,0
94770,4,3
94771,1,1
94773,2,3
94782,2,2
94786,2,5
94830,1,0
94831,2,2
94832,3,4
94833,2,0
94834,0,1
94836,1,1
94842,1,1
94843,2,1
94847,2,1
94849,2,2
94864,3,4
94875,1,2
94881,2,0
94883,2,5
94887,1,1
94893,3,3
94903,2,2
94912,1,0
94914,0,0
94936,2,3
94946,0,0
94952,3,4
94957,2,1
94960,2,1
94986,1,1
94988,3,4
94991,2,0
94997,2,2
95001,0,0
95008,2,1
95010,2,3
95011,2,5
95016,2,1
95026,2,2
95041,2,2
95061,2,1
95063,2,1
95080,1,2
95085,2,1
95094,2,0
95099,2,2
95104,2,5
95111,3,2
95112,0,0
95119,2,0
95121,2,4
95137,1,0
95142,2,1
95144,2,2
95161,1,0
95219,1,0
95224,2,1
95227,1,0
95233,1,1
95241,2,1
95244,2,3
95246,0,0
95252,2,1
95269,2,4
95271,2,1
95273,2,1
95277,3,3
95282,1,0
95284,2,5
95286,2,1
95288,2,5
95320,2,3
95335,2,1
95336,2,3
95349,2,1
95356,2,1
95358,2,1
95359,2,2
95389,3,2
95403,1,3
95410,2,2
95413,2,2
95431,2,1
95437,1,1
95443,3,3
95447,2,1
95451,2,2
95470,2,5
95484,1,1
95487,3,4
95504,2,1
95512,1,2
95519,1,0
95529,2,5
95536,2,1
95542,2,2
95552,0,0
95556,2,2
95563,2,5
95567,2,1
95576,2,1
95585,1,0
95611,2,1
95614,2,0
95615,1,1
95616,0,0
95628,1,1
95645,2,1
95648,2,5
95672,1,1
95674,2,1
95678,0,0
95681,3,4
95696,2,1
95697,2,0
95703,2,2
95717,1,2
95718,2,1
95735,2,3
95744,2,0
95756,2,3
95760,2,2
95766,2,2
95769,2,2
95777,2,2
95785,1,0
95793,2,1
95816,3,4
95820,1,0
95827,3,4
95828,2,2
95852,1,2
95859,1,1
95870,2,5
95872,2,0
95889,1,2
95891,3,4
95904,2,0
95918,2,1
95919,1,1
95921,1,1
95922,2,1
95945,2,2
95959,3,4
95963,0,0
95977,2,0
95987,2,1
95994,2,0
96001,2,5
96002,2,5
96006,2,1
96027,0,0
96035,1,1
96047,2,0
96053,4,0
96059,3,4
96062,0,0
96078,1,1
96088,2,2
96109,1,0
96112,2,0
96113,2,3
96120,0,1
96122,1,1
96125,2,0
96128,2,1
96156,1,0
96160,1,2
96167,2,3
96221,2,0
96243,2,5
96260,1,1
96264,1,1
96274,1,1
96275,1,0
96277,2,2
96278,2,1
96283,2,1
96285,0,1
96298,0,0
96304,2,1
96312,1,0
96314,3,4
96317,2,4
96332,2,0
96354,3,4
96367,2,0
96381,2,5
96383,0,0
96393,0,0
96394,2,5
96396,2,3
96400,2,1
96404,2,5
96411,1,1
96413,2,3
96422,2,0
96437,0,0
96438,2,1
96441,2,1
96447,1,0
96451,1,0
96455,1,2
96465,2,1
96467,2,2
96470,1,0
96479,2,1
96489,2,1
96491,2,1
96492,3,2
96493,0,1
96495,2,2
96496,2,1
96507,2,2
96515,2,3
96531,2,5
96553,1,2
96554,2,2
96566,2,3
96573,1,1
96584,2,1
96588,0,0
96596,1,0
96607,0,0
96611,1,0
96616,1,1
96624,3,1
96649,2,2
96651,0,2
96653,2,1
96661,2,5
96662,2,3
96670,1,1
96674,1,2
96675,2,1
96683,2,0
96698,1,2
96701,2,2
96716,3,1
96727,2,0
96735,2,2
96763,2,5
96766,3,4
96779,2,3
96783,2,5
96793,2,1
96794,3,4
96801,2,2
96806,1,2
96809,1,0
96816,1,1
96819,2,1
96821,2,1
96831,3,4
96834,0,0
96844,2,1
96866,2,3
96870,2,0
96877,2,1
96888,2,3
96890,2,1
96892,2,0
96898,1,1
96901,2,1
96904,3,4
96907,2,5
96912,1,0
96915,2,1
96927,3,2
96935,2,5
96939,2,4
96942,2,2
96951,2,1
96963,2,5
96969,0,1
96991,2,1
96997,2,2
97002,1,2
97004,2,1
97005,1,1
97006,2,1
97007,0,0
97022,2,5
97023,3,4
97033,2,0
97074,1,1
97076,2,2
97078,2,3
97082,2,5
97086,2,2
97091,1,0
97096,2,3
97098,2,3
97099,3,4
97102,2,1
97108,2,1
97112,1,0
97128,2,1
97136,1,0
97137,0,1
97141,2,3
97151,2,1
97160,0,0
97162,2,1
97168,2,0
97172,3,4
97176,3,4
97192,1,1
97201,2,2
97216,2,2
97227,1,1
97231,2,1
97234,1,1
97237,0,2
97243,3,4
97248,2,1
97255,2,2
97258,0,0
97260,2,4
97271,2,3
97276,2,6
97316,2,0
97322,1,1
97337,1,1
97343,2,1
97346,1,1
97357,2,1
97368,1,4
97371,2,1
97381,1,1
97394,2,2
97400,1,1
97403,2,0
97416,1,0
97420,0,0
97425,2,0
97427,2,1
97431,0,1
97434,3,4
97449,2,3
97452,2,1
97456,1,0
97470,2,1
97481,2,5
97485,0,0
97488,2,3
97494,1,1
97497,1,1
97499,1,2
97504,2,1
97518,2,3
97569,0,1
97571,2,1
97572,2,1
97583,3,4
97592,0,0
97596,2,0
97626,2,1
97629,2,4
97631,2,5
97645,1,3
97679,1,0
97681,1,2
97683,2,0
97715,2,1
97718,2,5
97719,2,1
97723,2,3
97724,2,0
97741,1,0
97749,2,2
97762,2,1
97764,2,0
97765,1,1
97769,3,4
97792,2,2
97804,1,0
97838,0,0
97858,1,0
97860,2,3
97880,1,2
97886,2,5
97895,2,5
97899,2,1
97917,2,3
97921,2,1
97925,2,3
97926,2,2
97931,0,1
97935,0,1
97938,2,1
97947,2,5
97952,0,1
97984,2,0
97988,3,4
98004,2,0
98021,1,2
98034,1,1
98036,2,1
98055,3,2
98075,2,0
98086,2,2
98087,2,4
98088,2,0
98109,2,2
98110,2,2
98125,2,3
98161,2,2
98166,2,2
98168,2,4
98170,2,1
98202,3,4
98204,2,1
98225,0,1
98235,2,1
98236,2,0
98237,2,2
98239,3,1
98242,1,3
98243,2,1
98257,2,2
98261,2,1
98277,2,3
98286,2,0
98288,2,2
98289,3,2
98303,2,1
98320,2,2
98331,2,1
98336,1,0
98362,2,2
98382,1,1
98386,1,1
98387,0,1
98391,0,1
98396,2,1
98398,2,1
98411,3,4
98416,2,5
98426,1,0
98427,2,0
98428,0,0
98431,2,0
98447,2,5
98449,2,3
98488,2,5
98489,2,2
98499,2,1
98505,3,4
98510,2,2
98514,2,1
98516,2,0
98518,1,1
98520,3,0
98524,2,3
98526,2,1
98527,0,2
98552,2,1
98554,1,0
98558,3,4
98591,2,2
98598,2,3
98600,0,0
98605,1,3
98606,2,1
98609,3,4
98611,2,1
98619,2,4
98623,0,0
98636,3,4
98637,2,1
98648,2,3
98652,0,0
98674,1,1
98694,0,1
98705,1,0
98707,0,0
98711,0,0
98717,2,0
98724,2,5
98725,2,1
98733,1,0
98755,2,2
98768,2,0
98780,3,4
98782,2,2
98785,0,0
98793,1,0
98814,3,3
98819,2,1
98828,2,2
98846,2,1
98854,2,1
98867,3,4
98881,2,2
98896,2,1
98911,1,1
98914,3,4
98932,3,4
98935,3,4
98942,1,0
98944,0,0
98945,3,4
98946,2,1
98947,2,5
98958,2,1
98961,3,2
98969,2,0
98970,2,1
98974,1,0
98987,2,1
98993,2,1
98994,2,2
98998,3,2
99001,2,5
99015,2,4
99030,1,5
99039,2,1
99053,1,1
99062,2,5
99072,0,0
99074,2,2
99083,0,0
99088,2,2
99090,2,1
99100,2,0
99103,2,3
99112,0,0
99117,2,5
99126,2,1
99135,2,1
99137,2,1
99143,0,2
99159,1,0
99169,0,0
99187,2,2
99192,1,0
99195,2,1
99198,2,0
99204,2,2
99205,2,0
99219,2,5
99230,3,1
99237,2,5
99249,1,2
99259,3,4
99265,2,1
99266,0,0
99277,2,1
99278,2,2
99285,2,2
99305,2,0
99307,2,1
99326,2,3
99332,2,1
99335,2,3
99349,2,5
99352,3,2
99354,3,4
99367,2,3
99369,2,0
99382,2,2
99401,2,3
99421,2,0
99422,2,3
99432,1,3
99437,3,4
99438,3,4
99446,2,2
99451,2,1
99459,1,0
99464,2,2
99465,1,0
99467,3,4
99473,2,1
99486,2,2
99501,1,1
99532,2,5
99536,2,4
99538,2,5
99542,0,1
99546,2,0
99549,1,3
99552,1,0
99556,0,0
99560,2,3
99572,2,1
99593,2,1
99594,0,0
99607,1,0
99609,2,1
99615,2,1
99620,1,2
99624,3,4
99633,1,2
99635,2,0
99647,0,1
99649,2,1
99652,1,0
99658,1,1
99663,1,0
99692,2,1
99696,2,1
99706,0,0
99707,2,2
99719,2,3
99723,2,3
99738,2,0
99740,1,2
99750,2,1
99755,2,3
99761,2,0
99764,1,0
99768,0,0
99790,1,1
99795,0,0
99796,1,0
99808,2,1
99815,2,1
99821,1,2
99832,2,1
99845,0,0
99851,2,3
99862,0,1
99865,2,1
99873,2,5
99877,3,4
99879,3,4
99884,2,2
99887,2,2
99891,2,0
99897,3,4
99905,2,3
99911,2,1
99915,2,1
99920,0,0
99923,2,2
99931,2,3
99934,1,1
99941,3,4
99943,2,1
99948,2,5
99950,2,4
99951,2,1
99957,2,1
99958,2,1
99965,1,0
99968,0,1
99980,1,1
99984,0,1
99987,2,3
100026,1,0
100033,2,0
100048,2,2
100052,3,4
100068,2,2
100070,1,1
100087,2,0
100088,2,1
100090,2,3
100094,2,0
100095,1,1
100109,3,4
100116,2,1
100120,2,1
100123,1,0
100137,1,0
100140,1,1
100158,2,5
100161,2,0
100175,2,1
100181,2,1
100182,2,2
100188,4,3
100196,4,3
100212,2,1
100213,2,1
100239,2,5
100257,2,3
100263,1,1
100274,2,1
100278,2,3
100281,3,1
100290,2,1
100295,1,0
100296,3,4
100297,3,4
100303,2,2
100305,2,2
100336,3,4
100342,2,1
100357,2,1
100369,2,2
100372,2,3
100373,2,1
100376,0,0
100384,3,4
100390,1,2
100399,2,1
100401,1,1
100406,2,2
100417,2,1
100423,2,1
100443,1,0
100458,2,5
100462,0,1
100480,1,1
100482,2,1
100484,1,0
100493,2,2
100495,2,2
100504,0,0
100507,2,1
100508,2,2
100519,2,2
100527,2,0
100528,1,0
100533,2,2
100541,0,1
100543,1,0
100545,1,0
100552,2,1
100568,1,0
100587,3,2
100595,1,0
100596,2,0
100599,2,2
100602,2,2
100603,2,1
100609,1,1
100612,1,0
100620,0,0
100624,0,0
100627,0,1
100635,1,0
100639,2,2
100642,2,2
100652,2,3
100655,2,1
100656,2,1
100662,0,0
100664,3,0
100669,2,1
100671,2,0
100672,3,4
100678,1,1
100680,3,4
100688,1,0
100690,0,0
100692,2,0
100701,0,1
100705,2,5
100709,2,2
100714,2,1
100721,2,2
100733,2,3
100738,1,1
100741,2,3
100742,4,3
100747,3,2
100765,3,4
100769,3,4
100772,2,2
100773,1,1
100776,3,0
100779,1,2
100786,2,1
100798,1,2
100803,2,2
100811,2,5
100814,2,0
100815,1,0
100820,2,1
100827,2,1
100829,2,1
100830,2,1
100840,3,1
100848,1,0
100857,2,2
100858,2,1
100867,2,0
100877,0,0
100884,1,0
100888,2,3
100889,3,4
100890,2,1
100891,2,2
100909,2,2
100919,2,5
100922,2,2
100925,1,2
100928,0,0
100934,0,1
100935,2,2
100943,2,5
100959,3,4
100961,2,1
100962,2,5
100966,2,6
100970,2,0
100975,1,1
100978,2,1
100998,2,1
100999,2,0
101002,1,3
101005,2,1
101015,1,1
101023,1,3
101026,0,0
101033,2,5
101034,2,0
101036,1,0
101043,2,3
101050,0,1
101055,2,0
101058,2,5
101077,2,5
101084,2,2
101088,2,2
101090,1,1
101111,1,0
101114,2,0
101120,2,0
101134,2,3
101137,2,1
101142,2,0
101149,2,2
101151,2,5
101156,3,0
101169,2,1
101176,3,4
101177,2,0
101192,3,3
101196,2,0
101209,2,1
101221,1,1
101224,2,4
101229,2,0
101231,2,2
101241,2,2
101250,1,0
101255,1,0
101256,0,0
101259,1,2
101263,1,0
101268,2,2
101269,2,2
101270,2,1
101271,2,1
101272,3,4
101273,2,4
101283,3,4
101287,2,1
101290,3,4
101309,2,2
101316,2,3
101318,2,0
101321,0,0
101323,1,0
101324,2,0
101325,3,4
101327,1,1
101328,2,1
101337,2,5
101351,2,2
101355,1,2
101356,2,0
101359,1,3
101371,2,1
101381,2,2
101382,2,1
101390,2,1
101402,1,1
101423,2,5
101425,1,0
101443,2,0
101447,1,3
101451,2,3
101463,1,0
101465,1,1
101470,0,0
101474,2,2
101477,2,0
101479,1,0
101481,2,2
101490,2,2
101510,3,4
101511,2,2
101513,0,0
101521,1,1
101534,2,1
101540,1,0
101542,2,1
101548,3,4
101549,1,2
101557,1,4
101558,2,1
101568,2,4
101573,2,5
101574,2,2
101585,2,2
101587,2,2
101588,2,1
101593,2,1
101595,2,0
101607,2,5
101618,2,0
101626,2,1
101627,1,2
101630,2,5
101637,2,5
101640,2,1
101649,2,1
101658,2,1
101659,2,3
101660,2,1
101667,0,0
101674,4,2
101675,2,2
101686,2,0
101687,2,5
101743,2,4
101763,1,0
101765,2,1
101766,2,2
101782,2,0
101783,2,3
101784,0,0
101787,1,3
101790,2,1
101792,1,0
101794,1,0
101798,1,0
101807,3,4
101819,3,3
101842,2,0
101846,3,4
101849,2,1
101854,0,1
101857,0,0
101865,2,1
101870,2,5
101874,0,1
101891,1,1
101902,3,2
101905,2,1
101913,1,0
101914,2,2
101919,2,0
101925,0,0
101926,2,5
101933,2,1
101937,2,1
101941,1,1
101957,2,1
101968,0,0
101970,1,0
101971,2,3
101991,3,2
101995,2,1
101997,2,3
101999,0,0
102001,2,2
102004,2,1
102007,3,4
102012,1,0
102013,2,2
102032,1,1
102034,1,3
102041,0,0
102047,2,2
102056,2,2
102058,1,1
102074,2,3
102078,1,0
102086,2,1
102111,2,0
102114,3,4
102117,2,3
102123,1,1
102137,2,5
102140,2,1
102143,2,1
102144,2,2
102145,2,0
102146,2,0
102153,1,1
102156,3,1
102181,1,1
102186,2,3
102192,2,0
102195,1,1
102196,2,1
102202,3,4
102204,2,1
102209,1,0
102214,0,0
102215,2,3
102216,2,1
102219,2,1
102233,2,2
102234,2,0
102249,2,3
102256,2,1
102259,0,0
102260,1,2
102264,2,0
102283,2,1
102285,2,1
102286,2,0
102288,2,5
102294,2,5
102295,1,0
102307,2,0
102321,1,0
102332,2,3
102334,2,2
102337,3,0
102346,2,2
102348,2,0
102369,2,3
102376,2,1
102379,2,1
102381,3,4
102394,2,0
102403,0,1
102409,1,1
102415,2,2
102424,2,1
102425,2,2
102430,1,0
102435,2,5
102436,2,2
102439,2,1
102442,2,1
102457,2,1
102477,2,5
102494,2,1
102495,2,4
102496,1,0
102509,3,2
102520,2,3
102533,3,4
102540,2,2
102545,3,3
102551,2,5
102559,2,1
102563,2,0
102580,2,1
102590,1,1
102601,0,0
102610,2,0
102623,2,2
102634,1,2
102638,2,1
102639,3,4
102641,2,5
102650,2,0
102654,0,0
102679,1,1
102689,2,2
102694,2,1
102696,2,2
102698,2,5
102704,2,2
102705,2,5
102709,0,1
102719,2,5
102722,2,1
102727,2,3
102742,1,2
102745,2,0
102748,2,1
102750,2,1
102753,0,1
102754,1,0
102755,0,0
102759,2,1
102760,1,1
102767,0,1
102771,2,1
102786,3,4
102797,1,0
102806,2,1
102807,3,1
102822,1,2
102826,1,2
102835,3,4
102839,3,1
102843,2,2
102844,0,2
102852,2,0
102853,2,2
102864,1,2
102881,1,0
102882,1,2
102884,2,1
102885,0,0
102895,1,0
102897,2,2
102900,1,1
102905,3,4
102914,1,1
102916,3,4
102930,1,1
102932,2,1
102940,2,1
102948,2,2
102950,2,4
102956,2,0
102974,2,1
102991,2,1
103003,1,1
103012,3,4
103018,2,3
103020,3,3
103021,2,1
103023,0,1
103032,2,1
103036,3,2
103038,2,2
103059,1,1
103069,1,2
103080,2,1
103096,2,0
103101,1,1
103106,2,0
103110,1,0
103111,2,3
103122,2,5
103127,0,0
103128,2,0
103131,2,3
103132,2,2
103133,1,1
103135,0,1
103141,3,3
103142,0,1
103148,1,0
103169,2,1
103173,0,0
103178,1,4
103184,2,3
103197,1,0
103201,0,0
103204,2,1
103207,3,4
103209,3,4
103210,0,0
103212,0,1
103215,2,5
103227,2,0
103231,2,2
103244,1,2
103246,1,0
103250,1,1
103255,0,0
103258,2,0
103261,2,5
103262,2,2
103269,0,1
103287,3,4
103305,1,1
103307,0,0
103319,1,1
103320,1,0
103327,2,2
103333,2,0
103345,0,0
103348,2,2
103349,2,1
103352,2,4
103361,2,1
103368,1,1
103375,2,2
103386,2,4
103392,3,2
103401,2,0
103404,1,0
103406,0,1
103412,2,1
103418,3,4
103421,2,1
103432,0,1
103438,2,3
103440,3,4
103441,2,2
103450,2,0
103461,1,0
103471,2,0
103472,0,0
103474,2,1
103481,0,0
103482,0,1
103495,2,1
103517,2,0
103522,2,2
103526,0,0
103538,2,1
103545,2,2
103546,2,5
103555,2,4
103556,1,0
103562,3,4
103580,2,5
103581,2,5
103588,2,1
103590,3,2
103591,2,2
103602,0,0
103604,0,0
103608,2,5
103620,2,0
103628,2,0
103634,2,1
103636,2,0
103661,2,1
103665,2,2
103669,3,4
103671,2,0
103672,2,3
103675,2,2
103679,2,4
103681,2,1
103683,3,4
103697,1,0
103706,2,5
103718,2,1
103727,0,0
103729,2,1
103733,3,3
103738,2,0
103745,1,0
103752,1,1
103753,2,2
103758,2,2
103761,2,0
103773,2,3
103774,3,4
103775,2,1
103776,2,1
103778,2,5
103780,2,1
103781,2,3
103788,0,0
103789,1,1
103790,0,0
103791,0,0
103792,3,4
103802,3,4
103807,2,2
103811,2,5
103824,2,2
103826,2,1
103834,1,0
103844,3,2
103848,2,2
103860,1,0
103876,3,4
103877,2,1
103878,1,0
103885,2,3
103893,2,2
103894,2,5
103905,2,1
103920,3,2
103928,2,5
103932,1,1
103941,1,0
103945,1,0
103946,2,2
103948,1,0
103953,1,1
103956,2,5
103964,2,0
103966,2,2
103969,2,2
103973,2,1
103976,2,2
103978,2,0
103982,0,0
103983,3,4
103988,1,4
103999,2,1
104002,2,5
104015,2,1
104017,1,0
104029,2,2
104042,2,1
104048,1,0
104050,1,2
104056,2,3
104081,3,4
104087,2,3
104095,2,1
104101,2,1
104102,1,0
104103,2,0
104130,0,0
104134,2,5
104144,3,4
104150,2,0
104157,2,1
104161,2,2
104165,0,0
104177,1,1
104182,2,2
104183,2,5
104188,1,0
104200,2,1
104203,1,0
104208,2,1
104214,1,2
104221,1,0
104226,2,2
104237,2,2
104239,2,0
104246,2,3
104254,2,2
104263,2,0
104264,1,2
104267,1,1
104273,2,2
104284,1,0
104294,2,1
104296,2,5
104301,2,1
104305,0,0
104313,1,0
104320,1,2
104326,2,0
104333,2,3
104343,1,1
104345,2,5
104346,2,0
104349,2,4
104351,2,2
104357,2,3
104362,1,0
104372,2,0
104383,2,5
104408,3,0
104415,1,0
104420,2,4
104422,2,0
104433,2,2
104434,2,2
104445,2,2
104447,1,2
104450,2,1
104460,1,1
104461,2,2
104488,2,0
104489,1,0
104491,2,0
104496,2,2
104529,2,1
104530,1,1
104532,3,4
104533,2,0
104549,0,0
104556,2,2
104562,1,0
104563,2,5
104565,2,1
104571,3,2
104573,2,1
104588,1,0
104606,3,4
104607,3,1
104608,0,0
104610,1,2
104611,3,1
104615,1,3
104624,2,3
104625,2,1
104639,2,1
104647,2,1
104650,2,3
104654,1,3
104655,2,0
104660,2,5
104661,2,5
104672,1,1
104683,2,5
104691,1,1
104693,2,3
104696,1,4
104704,2,2
104711,0,0
104722,1,2
104723,2,1
104726,2,1
104732,3,4
104739,2,3
104757,1,0
104758,2,2
104759,2,0
104777,1,1
104782,0,0
104796,1,0
104815,1,0
104820,3,4
104822,3,4
104827,1,1
104840,2,0
104842,2,5
104848,2,2
104852,3,4
104854,3,4
104859,2,2
104861,3,4
104864,2,1
104866,1,0
104873,0,1
104891,2,5
104895,0,0
104902,2,3
104914,3,4
104934,2,1
104945,2,2
104947,2,5
104949,1,1
104956,1,0
104964,2,2
104969,2,1
104973,2,2
104983,1,1
104986,2,2
104994,1,1
105003,1,2
105013,0,0
105017,1,2
105027,2,1
105033,2,5
105037,1,2
105043,2,2
105047,1,1
105062,2,2
105082,2,1
105091,1,1
105092,0,0
105095,2,1
105098,2,1
105099,2,1
105104,1,1
105111,2,1
105112,2,2
105114,2,0
105124,2,1
105128,3,4
105131,2,2
105137,2,2
105167,1,0
105175,2,2
105178,1,0
105180,2,1
105190,2,0
105191,1,1
105193,3,2
105195,3,2
105198,2,5
105210,2,2
105223,3,4
105228,3,1
105229,1,0
105248,2,1
105268,2,3
105272,1,1
105301,2,5
105305,2,3
105310,2,1
105311,3,4
105324,2,2
105331,2,0
105334,3,4
105336,1,2
105340,2,2
105342,0,0
105343,2,2
105347,2,3
105370,2,1
105372,0,0
105374,2,5
105378,2,5
105383,2,0
105392,2,2
105400,2,3
105409,1,0
105417,2,2
105426,4,3
105441,1,1
105442,2,1
105443,2,1
105444,0,1
105447,1,2
105449,2,3
105456,2,0
105464,2,1
105468,2,0
105472,1,1
105477,0,2
105480,2,3
105481,1,0
105486,1,2
105491,2,1
105493,2,0
105499,2,5
105512,2,3
105528,2,3
105530,0,0
105532,1,0
105541,2,1
105551,2,2
105556,2,1
105557,2,2
105563,2,1
105569,3,4
105572,2,2
105578,2,1
105588,2,3
105593,2,2
105599,2,1
105604,3,4
105609,2,2
105617,1,4
105618,2,2
105619,1,0
105625,2,1
105627,0,1
105631,3,4
105635,2,1
105636,2,0
105645,2,2
105646,2,1
105666,1,0
105667,0,1
105683,1,2
105684,1,0
105692,2,2
105703,1,1
105706,2,0
105716,0,0
105718,2,5
105724,2,2
105729,2,1
105730,2,1
105732,2,2
105737,1,1
105738,2,2
105739,1,1
105744,2,1
105745,2,1
105746,3,4
105781,2,5
105792,2,1
105809,0,0
105820,2,1
105828,2,1
105830,3,4
105838,0,0
105857,1,3
105865,2,2
105866,0,1
105874,0,1
105875,2,1
105878,0,0
105890,2,2
105893,3,4
105895,2,3
105900,2,2
105901,2,3
105902,1,2
105907,2,2
105940,2,5
105944,3,4
105949,1,1
105954,2,2
105965,2,1
105966,3,4
105970,2,1
105971,2,5
106025,2,2
106027,2,2
106037,2,1
106038,2,1
106046,2,2
106055,2,5
106062,1,0
106064,2,1
106067,2,1
106070,2,1
106072,2,3
106075,1,0
106086,2,5
106095,1,1
106098,2,3
106117,1,1
106119,1,0
106121,2,2
106129,3,4
106137,1,0
106139,3,3
106146,2,2
106160,0,0
106167,3,4
106170,2,2
106179,1,2
106187,1,0
106195,2,1
106215,2,2
106225,2,5
106232,2,1
106233,2,5
106247,0,0
106251,2,0
106255,1,2
106258,1,0
106293,1,0
106312,2,3
106323,2,5
106327,3,4
106334,3,3
106347,0,0
106359,2,2
106361,3,4
106370,2,1
106377,2,2
106388,2,1
106390,2,3
106401,2,1
106402,2,0
106414,2,2
106416,2,4
106418,2,3
106419,1,1
106423,2,2
106429,2,1
106445,1,1
106457,2,2
106459,3,4
106463,2,3
106468,2,3
106475,0,0
106481,2,2
106486,3,0
106489,2,3
106493,2,1
106507,2,2
106511,1,1
106530,2,3
106532,2,0
106538,2,1
106544,2,5
106550,2,1
106575,2,1
106580,0,0
106582,1,0
106587,2,0
106589,2,5
106601,0,0
106609,3,2
106613,0,0
106617,3,3
106627,2,1
106641,0,1
106655,3,4
106657,0,0
106661,2,3
106662,2,5
106674,1,0
106690,1,1
106703,2,3
106710,2,5
106713,0,0
106715,1,0
106718,2,2
106724,0,1
106728,2,3
106733,4,3
106736,2,0
106741,2,1
106751,2,0
106752,2,2
106765,1,2
106766,2,2
106770,2,0
106774,4,3
106782,0,0
106784,1,1
106798,3,4
106800,2,5
106803,2,3
106805,1,0
106809,2,5
106810,1,0
106811,2,3
106816,0,0
106827,3,4
106836,1,3
106838,3,4
106849,2,4
106850,0,0
106867,2,5
106871,1,0
106875,3,3
106877,1,1
106883,3,3
106889,2,2
106894,2,2
106902,0,0
106903,3,4
106904,1,0
106914,2,1
106918,2,2
106923,0,0
106926,2,4
106932,2,1
106945,1,0
106955,2,1
106960,2,1
106964,2,0
106993,2,2
106994,3,1
107005,2,3
107017,0,0
107025,3,4
107028,2,1
107037,2,5
107041,2,2
107043,2,2
107050,1,2
107061,1,3
107063,2,2
107066,1,0
107067,2,0
107069,3,4
107072,2,3
107075,2,1
107095,1,2
107112,1,2
107129,2,0
107146,2,1
107148,2,1
107153,0,1
107156,1,1
107157,3,4
107159,0,0
107160,1,1
107165,1,1
107170,1,1
107173,1,1
107186,2,1
107205,1,2
107208,3,1
107216,2,2
107217,2,2
107228,2,4
107233,2,1
107245,2,2
107258,2,2
107260,2,1
107268,2,1
107276,1,0
107277,2,3
107278,2,1
107281,2,0
107293,2,1
107296,2,2
107309,2,1
107316,2,4
107336,2,2
107341,2,3
107350,1,2
107351,2,2
107356,0,0
107358,2,1
107369,2,1
107374,2,1
107375,2,5
107383,1,0
107386,1,2
107396,2,0
107431,3,2
107432,2,0
107436,2,1
107437,1,0
107446,2,0
107447,2,1
107456,3,2
107458,2,5
107466,2,1
107474,2,1
107483,2,0
107496,2,1
107503,0,0
107515,0,0
107521,5,2
107526,2,1
107534,2,1
107536,2,3
107543,3,3
107550,1,2
107554,2,0
107567,2,1
107575,2,1
107576,2,2
107577,1,0
107581,0,1
107597,3,4
107618,2,3
107619,1,1
107623,1,0
107626,1,1
107628,1,1
107631,2,1
107633,2,5
107642,1,1
107653,2,2
107656,0,0
107657,2,1
107662,2,4
107689,1,0
107704,3,2
107743,0,0
107758,2,1
107776,2,3
107778,1,1
107782,2,2
107783,2,0
107785,2,2
107787,1,1
107789,3,4
107793,1,1
107798,3,4
107800,2,2
107801,2,2
107810,0,0
107818,3,2
107829,2,0
107856,2,5
107862,2,3
107863,2,3
107864,0,0
107865,1,0
107881,2,2
107883,2,1
107887,2,5
107912,0,0
107913,1,0
107920,2,5
107942,2,5
107951,2,2
107956,1,2
107962,2,5
107963,1,1
107966,2,0
107968,0,0
107973,1,1
107986,3,4
107991,1,0
107994,4,3
108007,4,3
108012,1,1
108013,2,1
108014,3,1
108030,2,2
108037,2,1
108043,0,1
108046,1,0
108059,1,0
108061,1,1
108062,1,2
108073,2,1
108080,3,4
108086,2,2
108094,3,4
108102,2,1
108116,2,1
108117,2,1
108120,2,4
108125,2,5
108127,4,3
108130,2,2
108133,2,1
108144,2,1
108145,2,4
108152,2,1
108156,1,1
108167,2,1
108171,2,2
108180,2,1
108186,0,2
108204,0,0
108210,2,0
108217,2,1
108229,1,1
108230,2,2
108235,2,1
108240,2,2
108246,1,0
108249,2,1
108253,2,1
108256,3,4
108257,1,1
108260,0,0
108265,2,2
108278,3,2
108295,2,1
108313,2,2
108315,0,0
108318,2,1
108319,2,1
108339,2,3
108342,2,5
108366,2,5
108369,2,1
108374,1,1
108378,3,4
108385,2,1
108389,2,1
108390,3,2
108393,2,3
108397,2,1
108403,0,0
108423,2,2
108433,1,1
108435,2,2
108437,3,0
108440,2,5
108442,2,3
108449,2,3
108459,2,2
108486,2,2
108499,4,3
108536,2,1
108547,2,3
108556,2,5
108557,2,5
108561,3,4
108573,2,1
108578,2,2
108579,2,4
108592,2,1
108594,2,1
108596,2,1
108606,0,0
108612,2,1
108613,2,5
108617,2,0
108625,2,5
108639,2,1
108644,1,2
108645,1,0
108646,2,5
108648,2,1
108650,1,3
108652,1,1
108656,0,0
108670,2,3
108671,0,1
108674,1,1
108675,3,4
108712,2,2
108719,3,3
108722,2,3
108729,4,2
108735,2,1
108737,2,1
108738,2,3
108740,2,2
108742,2,3
108745,2,1
108749,2,0
108752,2,1
108753,3,1
108773,3,2
108782,2,2
108784,2,0
108785,2,0
108791,1,2
108793,1,1
108795,2,5
108823,1,0
108833,2,1
108849,2,3
108850,3,3
108851,2,1
108853,3,4
108856,2,2
108857,2,0
108876,0,0
108897,2,0
108901,3,4
108908,1,2
108912,1,0
108918,2,2
108925,2,1
108952,3,4
108962,2,2
108966,2,2
108973,2,1
108974,2,3
108975,2,1
108981,1,2
108982,2,0
108984,2,2
108989,2,2
109012,2,5
109030,0,0
109037,1,1
109059,2,1
109073,2,2
109076,1,1
109087,2,3
109088,2,1
109091,3,4
109095,0,1
109100,2,1
109108,2,1
109118,0,0
109131,2,2
109139,2,1
109156,2,0
109166,0,0
109171,2,1
109175,1,0
109179,2,0
109188,3,1
109192,1,2
109197,2,2
109205,1,0
109211,2,1
109219,3,4
109226,0,0
109229,3,4
109244,2,2
109250,1,1
109264,2,1
109268,3,4
109269,1,0
109272,1,1
109277,3,0
109281,0,0
109284,2,5
109287,0,1
109298,2,1
109305,2,2
109306,1,0
109311,4,3
109314,1,0
109330,2,2
109339,0,0
109354,2,1
109359,2,2
109360,0,1
109374,0,3
109377,2,3
109380,2,1
109384,3,3
109390,2,5
109391,2,0
109393,2,1
109399,3,2
109411,0,0
109417,2,2
109421,2,2
109425,2,3
109426,2,1
109434,2,3
109439,2,2
109442,1,1
109451,2,0
109456,1,3
109461,1,1
109464,2,1
109466,3,4
109469,2,2
109470,3,4
109472,1,0
109473,3,2
109479,2,0
109483,1,2
109486,2,0
109489,2,5
109498,0,0
109508,2,1
109514,1,0
109516,2,1
109517,2,2
109524,2,0
109534,2,4
109538,2,3
109553,3,4
109559,2,1
109589,2,0
109593,3,4
109602,2,2
109619,2,1
109620,2,1
109638,0,0
109639,2,1
109642,2,5
109649,2,3
109663,2,2
109674,2,4
109679,2,1
109683,3,4
109690,2,1
109700,2,3
109702,2,3
109704,0,0
109707,1,1
109722,2,2
109738,1,1
109745,2,0
109751,2,2
109756,0,0
109760,2,2
109786,1,2
109791,0,1
109802,2,5
109806,1,0
109811,2,5
109813,2,0
109840,2,5
109842,2,0
109858,2,2
109863,0,0
109864,1,1
109874,1,2
109894,2,1
109896,0,0
109902,1,0
109903,0,0
109924,2,0
109931,2,2
109932,2,5
109933,0,1
109934,2,3
109935,2,4
109937,3,4
109939,2,1
109940,3,1
109941,2,3
109946,0,0
109947,0,0
109949,2,1
109950,2,1
109961,2,1
109971,1,1
109974,0,1
109986,2,5
109988,2,1
109989,2,2
109997,2,3
110011,2,1
110013,1,2
110032,1,1
110038,2,5
110049,0,0
110053,1,1
110060,3,4
110070,2,1
110071,0,1
110074,1,0
110076,2,1
110077,2,2
110079,1,0
110118,3,4
110120,2,2
110130,1,1
110145,2,3
110146,1,0
110149,0,0
110160,2,1
110173,3,4
110178,2,0
110183,2,1
110184,1,1
110190,3,4
110191,2,1
110194,1,0
110205,2,1
110217,2,1
110243,3,3
110245,3,4
110251,2,2
110255,1,3
110257,2,4
110264,0,1
110276,0,0
110277,2,2
110281,2,1
110292,2,2
110295,1,0
110299,2,0
110311,3,4
110316,2,1
110322,2,5
110348,2,1
110361,0,1
110368,2,1
110374,2,2
110377,2,2
110379,2,2
110382,2,1
110404,1,0
110410,1,1
110418,2,3
110421,1,2
110426,3,4
110427,2,2
110435,2,2
110450,3,4
110454,2,0
110469,2,1
110472,2,1
110473,2,1
110489,2,1
110501,2,5
110510,2,3
110513,0,0
110514,2,0
110534,2,3
110535,2,5
110543,3,4
110567,2,5
110583,2,1
110591,1,0
110599,2,1
110603,2,3
110606,0,0
110612,2,4
110613,2,1
110616,2,0
110631,2,1
110642,2,1
110654,2,1
110666,2,1
110674,1,1
110679,1,1
110688,1,0
110691,2,1
110692,2,1
110693,0,0
110699,1,3
110709,2,0
110719,2,5
110724,1,1
110725,3,2
110726,2,0
110736,2,3
110739,0,0
110740,3,4
110753,2,5
110755,2,5
110757,1,0
110759,2,1
110763,2,1
110774,2,0
110777,2,1
110783,2,1
110794,0,1
110797,4,1
110799,2,2
110802,2,5
110802,2,5
110819,0,0
110820,2,2
110826,1,0
110834,1,1
110840,0,0
110843,2,2
110844,2,0
110846,2,3
110866,1,2
110871,2,5
110872,3,2
110873,2,1
110879,2,4
110881,3,4
110882,0,0
110894,1,0
110902,2,2
110903,1,1
110908,1,1
110922,2,1
110923,2,3
110930,2,2
110933,2,2
110934,1,1
110953,2,1
110971,1,1
110985,2,2
110993,1,2
111007,1,0
111011,2,1
111015,3,4
111023,2,0
111032,3,4
111034,0,0
111035,2,5
111036,2,2
111052,1,1
111057,3,4
111067,2,3
111088,1,1
111089,3,4
111103,2,1
111113,2,1
111122,2,1
111124,2,1
111131,2,5
111133,2,5
111137,3,4
111140,2,3
111142,1,2
111147,2,1
111149,1,2
111152,2,0
111156,0,0
111171,2,2
111172,1,0
111174,3,4
111177,2,0
111184,3,4
111187,1,2
111189,1,1
111193,2,2
111206,3,1
111209,2,1
111219,2,1
111237,2,0
111239,1,2
111245,4,3
111257,1,0
111264,2,1
111268,0,0
111273,2,3
111274,2,5
111282,2,0
111315,2,1
111323,2,1
111330,2,2
111332,2,5
111333,2,1
111336,2,5
111340,1,1
111343,2,2
111353,2,0
111358,3,4
111362,2,0
111365,2,1
111369,1,1
111371,2,3
111377,2,1
111382,1,2
111385,2,3
111398,3,4
111399,2,0
111401,3,0
111404,2,1
111406,1,0
111408,1,1
111409,2,0
111411,1,0
111414,0,0
111425,1,1
111431,2,1
111445,0,0
111446,2,1
111457,2,3
111459,2,5
111460,1,0
111466,2,1
111477,2,0
111481,3,4
111486,2,1
111498,2,1
111499,2,2
111503,2,0
111504,2,2
111507,2,1
111512,1,0
111514,3,2
111517,2,1
111518,2,1
111524,0,1
111526,2,3
111530,2,1
111535,0,0
111546,2,1
111547,2,0
111601,2,0
111605,2,2
111615,1,1
111617,2,5
111621,1,1
111622,2,2
111625,2,5
111648,0,0
111651,1,1
111658,2,1
111663,2,0
111668,2,2
111680,2,5
111695,1,0
111712,3,4
111721,2,2
111725,1,1
111731,2,5
111732,2,1
111747,2,1
111757,2,3
111772,2,5
111775,1,0
111780,2,1
111797,2,3
111801,2,1
111805,1,1
111808,2,0
111810,2,5
111814,1,1
111816,3,4
111822,3,2
111828,3,4
111833,3,1
111839,2,5
111845,1,1
111846,3,1
111850,1,2
111860,2,2
111863,2,5
111864,2,5
111867,2,5
111879,3,1
111886,1,0
111889,1,1
111903,2,1
111909,1,1
111912,2,2
111926,2,0
111930,1,0
111934,2,1
111939,1,0
111941,0,0
111956,0,0
111959,2,1
111979,1,1
111982,2,2
111988,3,4
111991,2,1
111998,1,1
112006,2,2
112007,2,2
112010,2,5
112011,2,4
112022,1,0
112028,2,1
112030,2,2
112037,2,2
112059,1,1
112071,2,2
112076,1,2
112092,1,1
112095,1,1
112096,1,1
112098,2,0
112105,2,5
112116,2,0
112121,2,1
112124,1,1
112133,2,3
112150,3,1
112151,2,2
112153,2,2
112163,3,3
112167,2,2
112174,1,4
112179,2,4
112197,2,1
112202,2,5
112203,0,1
112207,2,2
112217,2,1
112219,1,1
112230,0,3
112234,2,2
112237,2,0
112243,2,3
112248,1,2
112253,1,0
112274,2,2
112277,0,1
112281,2,1
112295,2,3
112300,2,2
112315,2,2
112317,3,4
112335,2,3
112339,3,1
112369,2,2
112370,2,2
112384,3,4
112393,0,0
112395,3,4
112418,2,1
112421,2,0
112428,1,1
112432,1,0
112446,2,2
112467,2,1
112475,2,3
112477,0,0
112483,2,5
112485,2,2
112491,0,0
112494,2,1
112495,0,0
112496,2,3
112498,2,1
112500,2,2
112506,2,1
112519,2,5
112521,2,2
112529,2,1
112531,2,1
112537,2,3
112541,3,4
112542,2,3
112548,2,2
112549,1,1
112570,2,1
112579,2,2
112586,2,0
112602,3,4
112621,2,1
112634,3,2
112635,1,1
112639,2,1
112651,1,0
112660,2,0
112662,2,5
112663,2,0
112677,2,2
112696,2,1
112701,3,4
112703,3,4
112707,3,1
112722,1,2
112726,2,5
112732,1,1
112735,2,1
112747,2,0
112753,2,5
112756,1,2
112762,2,3
112765,2,5
112782,3,4
112819,1,2
112820,2,2
112826,2,1
112830,2,5
112833,2,0
112836,2,2
112862,2,3
112864,3,1
112874,3,4
112877,2,3
112889,2,2
112907,2,0
112913,2,2
112914,2,0
112916,1,2
112945,3,4
112946,2,0
112947,2,3
112950,2,3
112954,2,1
112959,2,2
112961,3,4
112963,2,1
112965,2,2
112968,2,2
112969,2,0
112970,2,5
112971,2,3
112972,2,1
112976,2,5
112986,2,1
112988,1,2
112993,2,2
113000,2,2
113006,3,4
113011,1,0
113026,1,2
113030,2,2
113031,2,1
113033,0,0
113041,0,1
113045,4,3
113053,0,0
113059,2,2
113065,2,1
113081,1,0
113092,2,2
113094,1,1
113095,3,4
113097,1,2
113099,2,1
113101,2,3
113106,2,5
113108,2,0
113114,2,2
113118,0,0
113127,2,1
113144,2,5
113148,2,5
113150,0,0
113158,2,1
113170,1,0
113209,2,1
113211,2,1
113215,2,5
113243,2,1
113263,2,2
113265,2,5
113268,1,1
113274,2,0
113285,2,5
113294,1,0
113302,1,0
113309,2,2
113321,1,0
113326,2,5
113328,2,1
113346,1,1
113352,2,1
113355,2,2
113378,1,1
113383,1,0
113386,2,2
113396,1,0
113401,3,4
113408,1,1
113412,2,3
113416,1,1
113421,2,2
113432,1,1
113447,2,2
113455,2,1
113458,1,1
113481,1,2
113483,2,0
113491,3,4
113493,2,0
113503,0,0
113512,2,1
113514,1,0
113516,2,1
113519,2,1
113524,1,1
113527,1,0
113540,2,1
113545,2,1
113547,2,3
113556,2,2
113578,1,2
113591,2,1
113595,3,4
113596,2,2
113598,1,2
113600,3,4
113602,1,1
113603,2,5
113616,1,1
113632,2,4
113650,2,2
113654,3,2
113665,3,4
113670,2,2
113672,2,2
113683,2,2
113689,1,1
113690,2,5
113692,2,0
113709,1,2
113713,3,4
113726,1,1
113738,1,0
113746,2,3
113758,2,2
113759,3,4
113773,1,1
113781,2,0
113784,2,5
113785,1,2
113793,1,2
113814,2,3
113828,1,1
113833,0,0
113842,0,0
113859,2,2
113865,2,2
113871,2,5
113880,0,0
113883,1,0
113886,1,1
113907,2,1
113911,2,1
113915,1,1
113919,2,1
113926,2,3
113928,2,4
113929,2,2
113934,2,1
113940,1,0
113941,2,5
113946,2,1
113970,0,0
113976,0,0
113978,2,3
113981,0,0
113985,2,0
113986,0,0
113990,2,2
113996,1,2
114016,2,1
114018,2,2
114024,2,4
114035,1,0
114050,2,2
114052,2,5
114054,2,1
114056,2,1
114070,2,1
114075,3,4
114091,1,0
114097,2,2
114100,2,2
114113,1,0
114117,2,1
114124,2,5
114126,1,1
114129,2,5
114131,3,4
114139,2,2
114165,1,3
114170,1,0
114176,2,5
114178,2,3
114179,1,1
114183,2,2
114185,1,0
114188,0,0
114197,2,1
114200,3,4
114203,2,2
114208,2,0
114209,1,1
114222,1,1
114231,2,0
114246,3,4
114256,2,0
114258,0,0
114259,2,1
114266,2,5
114273,3,4
114286,1,0
114291,2,3
114292,1,0
114295,2,5
114300,2,2
114323,2,4
114336,2,2
114341,2,1
114342,1,1
114343,2,2
114344,1,1
114347,0,0
114369,2,0
114374,3,4
114395,2,2
114400,2,0
114409,2,2
114412,3,4
114432,0,0
114437,0,0
114439,2,2
114448,1,0
114460,2,2
114468,2,0
114487,1,1
114488,2,1
114514,2,0
114516,2,1
114519,1,1
114532,2,0
114535,1,0
114539,2,2
114549,2,2
114569,2,2
114579,2,2
114593,2,5
114602,4,3
114607,2,2
114610,2,2
114613,2,3
114629,2,2
114631,1,1
114639,1,0
114642,2,5
114654,2,1
114657,1,0
114668,2,5
114689,3,1
114692,1,2
114693,2,5
114713,2,1
114718,2,2
114728,2,0
114741,1,1
114748,1,2
114750,3,4
114761,1,2
114762,2,2
114766,2,3
114787,1,0
114789,1,3
114797,1,2
114807,3,4
114810,3,4
114817,2,2
114827,2,2
114829,2,3
114837,2,5
114850,2,2
114854,2,1
114855,3,4
114860,3,4
114869,0,0
114886,2,3
114896,1,0
114909,1,2
114910,0,0
114917,2,3
114918,2,2
114924,1,1
114945,1,0
114948,2,2
114950,2,3
114954,2,0
114955,3,4
114968,2,3
114971,1,2
114977,2,2
114990,0,0
115015,2,5
115021,2,1
115022,1,1
115024,1,2
115028,2,1
115031,0,1
115032,3,2
115042,1,0
115048,1,0
115049,1,0
115052,2,0
115074,2,1
115077,1,1
115086,2,3
115094,2,0
115101,0,0
115121,0,0
115131,2,3
115135,2,1
115136,3,4
115144,2,1
115153,0,0
115157,2,1
115159,2,1
115179,3,4
115191,2,2
115202,2,0
115208,0,0
115221,2,2
115222,2,0
115223,2,2
115224,3,2
115225,2,1
115233,3,0
115235,2,4
115238,2,0
115244,0,0
115247,2,3
115253,1,0
115261,0,1
115264,2,4
115270,2,1
115276,2,1
115288,2,5
115289,2,2
115307,2,0
115310,2,1
115327,4,1
115330,0,0
115338,2,2
115340,2,1
115350,2,3
115354,2,1
115372,0,0
115378,2,1
115379,2,2
115386,2,2
115389,2,5
115416,2,0
115422,2,1
115435,2,2
115446,0,0
115454,2,3
115464,1,3
115466,3,4
115468,1,2
115471,1,1
115476,1,3
115487,2,3
115494,2,1
115520,4,3
115521,2,1
115524,2,3
115530,2,1
115531,2,5
115546,0,1
115554,2,3
115558,1,1
115563,2,1
115570,2,2
115576,1,0
115582,3,2
115588,3,4
115593,2,2
115594,0,0
115596,2,3
115607,2,2
115617,2,2
115627,3,4
115628,0,1
115637,2,3
115646,2,0
115656,2,1
115658,2,2
115672,1,0
115673,2,1
115678,2,2
115681,1,1
115683,2,2
115685,2,5
115689,0,0
115692,2,5
115698,0,0
115699,2,2
115705,2,1
115708,2,5
115710,1,2
115715,2,4
115726,3,4
115734,2,2
115740,2,2
115742,2,0
115754,3,4
115758,2,5
115760,1,0
115761,2,3
115768,2,0
115777,2,1
115795,0,0
115808,2,0
115810,2,5
115814,2,3
115817,3,4
115822,2,2
115827,1,1
115829,3,4
115830,1,0
115834,1,1
115839,1,1
115841,2,3
115852,0,1
115889,2,1
115899,1,2
115911,2,1
115913,2,1
115942,2,0
115943,3,4
115945,2,2
115946,0,0
115955,1,0
115979,2,3
115982,2,2
116002,1,2
116004,1,3
116005,2,0
116013,0,0
116033,2,1
116041,2,1
116043,0,0
116076,1,1
116091,2,1
116094,1,1
116095,2,1
116097,2,3
116098,2,3
116099,1,2
116100,1,0
116106,1,0
116117,2,0
116124,1,0
116128,2,1
116130,2,0
116131,2,1
116137,2,2
116138,3,4
116144,0,1
116151,3,1
116152,2,2
116153,1,2
116154,1,0
116161,3,3
116177,2,5
116180,0,1
116197,2,3
116205,0,0
116211,2,1
116213,2,1
116222,2,1
116225,2,1
116232,2,5
116235,0,1
116245,2,1
116254,0,0
116256,2,0
116259,2,2
116260,1,0
116262,1,2
116263,2,1
116272,2,1
116284,2,2
116285,3,1
116286,2,2
116288,3,4
116290,2,5
116297,2,1
116298,2,1
116303,2,2
116311,2,0
116312,2,5
116313,2,2
116314,2,4
116325,2,1
116331,2,0
116340,2,1
116342,1,2
116344,0,0
116345,2,1
116358,2,1
116359,2,3
116373,0,1
116374,2,3
116391,0,0
116395,2,1
116409,0,0
116416,3,4
116418,4,3
116448,2,5
116449,1,1
116455,1,2
116460,2,1
116468,1,0
116476,1,3
116489,0,0
116492,1,1
116494,2,0
116521,3,2
116533,2,0
116534,0,2
116538,2,1
116544,0,1
116547,2,2
116549,1,1
116553,2,0
116554,0,0
116560,3,1
116564,1,2
116574,1,0
116575,0,0
116589,1,0
116603,1,3
116609,2,2
116617,2,2
116637,2,0
116640,2,0
116659,2,2
116668,2,2
116669,2,3
116684,1,3
116689,0,0
116694,2,2
116705,2,2
116713,3,3
116727,2,0
116728,0,1
116730,2,2
116742,3,2
116745,2,0
116747,1,1
116767,2,2
116778,2,0
116779,2,0
116781,1,0
116788,0,1
116789,1,2
116794,2,1
116802,0,0
116810,0,0
116817,2,0
116827,2,2
116832,2,3
116835,0,0
116836,1,2
116840,1,2
116841,2,2
116845,2,2
116848,1,0
116855,2,0
116865,1,0
116875,1,0
116877,3,4
116878,0,1
116879,0,0
116904,2,3
116911,0,0
116915,1,0
116930,3,4
116945,2,2
116952,1,0
116955,2,2
116957,3,2
116966,2,1
116972,3,3
116979,2,1
116980,2,1
116987,1,1
116988,2,1
117002,1,0
117007,2,0
117016,0,0
117031,0,0
117041,1,0
117058,2,5
117060,2,3
117063,2,2
117068,2,2
117069,0,0
117081,2,1
117086,0,0
117093,1,1
117096,2,1
117102,2,2
117103,2,3
117112,1,2
117113,5,1
117126,3,1
117136,2,1
117144,0,1
117150,2,2
117157,3,4
117169,0,1
117170,2,2
117174,2,5
117186,0,0
117192,2,2
117202,2,0
117212,0,1
117234,0,0
117236,3,0
117237,2,2
117242,3,4
117243,2,5
117245,1,0
117248,2,1
117261,2,1
117266,3,4
117268,4,0
117273,0,0
117276,1,2
117280,0,0
117285,2,1
117288,1,2
117292,1,0
117296,0,0
117298,4,3
117313,1,0
117317,2,1
117328,2,0
117338,1,1
117339,2,2
117340,2,1
117353,2,2
117354,3,4
117367,4,3
117379,2,1
117388,1,2
117395,0,0
117397,2,0
117399,0,0
117405,2,5
117412,2,1
117435,2,5
117480,1,1
117487,2,1
117490,2,1
117494,2,0
117511,2,3
117517,1,1
117526,1,0
117533,3,1
117539,2,1
117549,0,0
117582,2,0
117583,3,3
117594,2,0
117597,2,1
117604,2,2
117619,2,1
117622,2,2
117626,2,2
117629,2,1
117630,1,2
117632,2,5
117633,3,4
117644,2,5
117651,2,3
117655,2,1
117686,3,4
117697,2,2
117698,2,5
117699,3,3
117700,2,1
117708,2,3
117716,0,0
117718,1,1
117730,1,0
117749,2,4
117758,2,1
117760,2,6
117779,0,0
117787,1,0
117788,2,3
117797,1,0
117799,2,0
117824,2,5
117833,1,0
117840,3,4
117843,2,2
117854,2,2
117855,0,1
117856,2,2
117857,2,1
117859,2,2
117864,0,0
117876,2,5
117880,4,3
117882,2,1
117886,2,1
117889,3,4
117911,2,1
117919,2,3
117933,2,0
117943,2,2
117944,3,1
117970,2,1
117974,4,3
117978,0,0
117982,2,0
117983,2,0
117985,2,3
117995,2,1
117999,3,4
118003,2,5
118029,2,1
118048,2,1
118064,2,3
118070,2,1
118072,3,0
118084,2,1
118090,2,2
118094,2,4
118100,2,1
118101,3,1
118104,2,1
118125,2,3
118152,0,1
118155,1,0
118159,2,2
118162,2,1
118169,2,2
118175,3,2
118194,2,2
118199,2,1
118224,3,4
118234,2,2
118251,0,0
118257,2,5
118267,2,2
118273,2,2
118301,3,3
118313,2,4
118321,2,1
118324,2,3
118333,2,1
118342,2,1
118343,2,5
118344,2,0
118351,2,1
118354,4,0
118355,0,0
118357,2,2
118362,2,2
118384,2,2
118388,2,2
118400,2,2
118430,0,0
118437,3,1
118439,1,1
118452,3,5
118471,2,2
118513,3,4
118515,2,2
118525,2,0
118526,3,1
118527,2,5
118537,2,0
118548,2,1
118552,1,0
118570,2,2
118571,2,0
118575,2,4
118577,2,5
118581,1,0
118594,2,2
118598,2,1
118604,2,1
118609,2,2
118623,2,5
118630,2,1
118640,2,0
118644,0,0
118645,0,0
118646,3,2
118656,2,0
118658,0,0
118680,3,4
118685,1,4
118711,3,4
118713,2,0
118715,2,2
118717,2,5
118718,1,1
118833,0,1
118843,3,2
118844,1,0
118855,2,1
118858,2,1
118863,2,1
118865,2,1
118870,0,0
118874,1,0
118876,2,1
118928,2,5
118937,2,1
118939,2,5
118944,1,2
118946,2,1
118948,2,2
118952,1,3
118956,3,2
118962,1,0
118980,2,2
118984,2,1
118990,2,1
119006,2,1
119012,1,0
119018,1,0
119022,2,3
119024,0,0
119025,2,2
119026,3,4
119056,2,5
119059,0,0
119062,1,1
119067,2,3
119071,2,0
119075,0,0
119083,2,2
119088,2,1
119091,2,1
119103,1,1
119123,3,4
119129,1,0
119153,2,0
119182,1,0
119196,1,1
119202,1,0
119209,1,1
119218,2,2
119222,2,1
119225,3,4
119226,2,1
119227,2,2
119229,2,2
119235,2,1
119236,2,1
119239,3,1
119242,2,3
119292,2,2
119295,2,0
119307,3,2
119315,2,2
119318,2,2
119321,3,4
119325,2,3
119336,2,1
119343,2,1
119344,2,1
119345,3,3
119356,2,1
119362,1,2
119370,2,1
119375,1,0
119378,1,1
119401,0,0
119404,1,1
119413,2,0
119415,2,3
119416,1,2
119418,2,2
119423,1,4
119425,0,1
119427,1,1
119435,2,1
119447,2,1
119453,2,1
119456,1,1
119459,2,3
119467,1,0
119475,2,3
119485,2,2
119496,0,0
119503,1,0
119518,2,2
119526,2,0
119534,1,1
119555,2,1
119564,2,0
119572,2,2
119593,3,4
119630,2,5
119631,1,0
119642,2,1
119648,1,1
119668,3,4
119671,2,1
119677,2,1
119694,0,0
119706,2,1
119711,2,0
119712,1,1
119714,1,1
119729,1,2
119742,2,2
119769,1,3
119775,2,0
119780,3,4
119781,3,2
119801,2,5
119802,2,2
119807,1,1
119811,2,1
119844,2,0
119850,2,4
119860,2,2
119868,2,5
119879,0,0
119881,2,5
119886,3,4
119896,2,3
119898,2,2
119902,2,1
119910,2,1
119924,1,1
119930,2,1
119931,1,0
119957,1,2
119959,2,4
119965,2,1
119968,1,0
119970,1,1
119976,1,1
119991,0,1
120004,2,0
120010,3,2
120038,2,2
120061,1,1
120065,0,1
120071,2,5
120072,2,1
120075,2,1
120090,2,3
120092,1,3
120101,0,0
120102,2,2
120103,2,0
120105,2,1
120113,2,4
120122,0,1
120123,2,0
120131,1,0
120132,2,3
120143,2,1
120145,2,2
120149,2,2
120154,1,0
120156,2,1
120163,1,2
120166,2,1
120169,3,4
120186,2,0
120192,2,5
120195,2,1
120208,3,5
120219,2,1
120220,2,1
120221,2,5
120230,2,1
120245,2,0
120268,2,2
120275,2,1
120278,3,4
120279,2,5
120294,2,3
120295,1,0
120302,1,0
120304,1,0
120305,0,0
120312,2,4
120313,0,0
120345,1,1
120359,2,2
120365,3,4
120369,1,1
120383,2,1
120387,2,1
120391,2,1
120399,1,0
120408,2,3
120409,2,1
120410,1,1
120422,2,5
120423,2,0
120424,0,0
120425,2,1
120428,2,1
120429,1,0
120434,2,3
120451,2,2
120462,2,5
120466,2,1
120525,3,4
120538,2,1
120544,1,1
120545,2,3
120555,1,0
120559,2,5
120567,2,2
120574,3,4
120577,1,0
120578,2,1
120579,2,1
120586,2,1
120603,0,0
120612,1,0
120616,0,1
120618,0,1
120625,2,5
120631,0,1
120637,2,1
120639,2,1
120640,2,1
120645,0,0
120652,2,1
120673,2,3
120684,1,3
120685,2,5
120690,2,3
120695,2,2
120697,3,4
120704,0,0
120708,4,2
120723,1,2
120729,1,2
120788,1,0
120789,2,2
120805,1,2
120824,2,3
120842,1,0
120843,2,5
120869,2,1
120876,3,4
120878,3,0
120883,2,5
120892,2,5
120896,1,0
120899,1,0
120908,3,4
120910,2,2
120918,2,4
120953,2,5
120960,2,2
120966,1,0
120967,2,2
120975,0,0
120985,2,2
120989,1,2
120998,2,5
121000,1,1
121004,1,2
121013,2,1
121014,2,1
121016,2,2
121022,3,4
121026,2,2
121041,3,4
121048,2,1
121059,2,1
121060,3,4
121077,2,2
121079,2,1
121082,3,4
121106,1,0
121107,2,5
121121,2,5
121129,2,2
121133,2,0
121134,3,1
121139,0,0
121148,0,0
121151,0,1
121152,2,1
121155,2,1
121174,2,2
121180,2,5
121188,2,0
121192,3,4
121222,2,1
121228,1,1
121238,1,1
121240,1,0
121245,2,2
121247,3,1
121249,3,2
121251,2,3
121252,2,5
121253,1,1
121258,2,1
121271,2,2
121274,1,0
121275,2,1
121276,1,1
121285,0,0
121286,2,1
121288,2,5
121291,3,2
121300,2,1
121306,3,4
121309,3,4
121315,1,1
121322,3,0
121331,0,0
121332,0,0
121337,2,0
121348,2,0
121349,2,5
121356,2,1
121359,2,0
121367,1,0
121369,3,4
121383,2,0
121390,1,0
121394,1,2
121402,2,3
121404,1,0
121414,1,2
121421,2,4
121425,2,2
121431,1,2
121436,0,0
121440,2,5
121453,2,2
121454,1,2
121466,1,0
121475,2,0
121505,2,5
121507,2,0
121510,2,1
121512,2,2
121523,2,3
121535,2,3
121536,0,0
121544,2,0
121545,2,1
121596,1,1
121610,2,2
121639,0,0
121644,0,0
121648,2,0
121658,1,1
121664,0,0
121669,0,0
121690,1,0
121712,2,3
121713,2,2
121715,0,0
121722,2,4
121726,2,0
121749,1,2
121750,2,0
121756,2,1
121758,2,1
121760,2,2
121762,2,1
121764,3,4
121765,2,1
121767,3,4
121773,2,2
121804,4,3
121831,1,0
121838,1,2
121839,2,1
121840,2,1
121852,2,3
121858,2,1
121909,2,3
121916,1,0
121935,2,1
121947,2,2
121955,2,1
121968,0,0
121970,2,1
121981,2,2
121990,1,0
121991,3,4
121996,3,4
121999,2,1
122017,0,0
122030,2,0
122042,2,2
122046,0,2
122048,2,1
122051,2,1
122056,2,3
122075,0,0
122080,0,0
122087,3,4
122089,2,1
122090,2,5
122091,3,2
122093,2,1
122103,2,2
122118,3,4
122122,2,0
122128,2,2
122142,0,0
122149,2,1
122151,1,1
122152,2,4
122153,0,0
122169,2,1
122200,0,0
122203,2,1
122204,3,2
122218,2,1
122225,3,1
122227,1,1
122228,0,0
122233,0,0
122244,2,2
122253,1,1
122268,2,2
122272,2,3
122286,2,1
122294,2,1
122298,2,4
122299,2,1
122300,3,4
122315,2,1
122326,2,0
122332,2,2
122337,2,0
122338,2,3
122339,2,2
122343,2,5
122344,0,2
122359,1,1
122369,1,0
122374,3,0
122393,1,5
122398,3,1
122408,3,5
122411,2,2
122414,2,0
122428,2,3
122431,2,1
122445,2,1
122450,2,5
122451,2,2
122452,2,2
122454,1,0
122455,2,2
122457,1,3
122459,0,0
122460,2,2
122465,2,1
122466,2,1
122467,2,5
122490,0,0
122499,2,3
122502,2,5
122505,2,5
122508,2,2
122514,0,1
122525,0,0
122530,2,1
122545,2,2
122546,2,2
122547,2,0
122548,2,5
122552,2,4
122562,1,0
122586,2,2
122595,2,3
122598,1,0
122603,2,1
122607,2,5
122630,2,1
122639,2,1
122643,2,2
122648,1,1
122657,2,1
122660,1,2
122665,2,3
122692,1,1
122695,2,3
122701,2,0
122712,3,4
122719,0,0
122727,2,0
122729,2,2
122732,1,0
122733,2,0
122735,2,3
122737,2,1
122738,2,1
122740,1,2
122765,2,0
122769,2,5
122784,0,0
122798,2,2
122805,2,5
122819,2,1
122820,2,3
122846,2,5
122847,2,2
122848,3,4
122857,0,0
122885,2,0
122891,2,1
122906,3,2
122907,2,1
122910,1,0
122914,2,4
122918,0,0
122921,2,1
122922,2,0
122935,2,3
122955,2,1
122959,1,3
122960,3,4
122967,1,1
122990,1,0
122993,2,1
122997,2,0
123020,2,2
123021,2,2
123032,0,0
123035,1,0
123051,0,0
123054,2,0
123057,2,0
123059,2,0
123062,2,0
123063,0,1
123079,2,1
123082,2,2
123093,2,5
123100,2,3
123119,1,1
123126,0,0
123131,2,2
123141,1,2
123167,0,2
123171,3,4
123173,0,0
123178,2,2
123182,0,0
123184,2,2
123190,2,1
123208,1,0
123222,3,1
123224,3,2
123225,2,2
123262,2,2
123272,2,1
123277,2,5
123285,1,0
123293,2,3
123294,3,4
123308,2,1
123315,1,1
123317,1,2
123334,3,4
123337,2,2
123341,2,0
123351,2,2
123354,2,1
123364,2,5
123366,2,2
123369,0,0
123388,1,1
123400,1,2
123401,2,1
123406,3,4
123407,0,0
123417,2,2
123419,1,3
123449,0,0
123451,0,0
123459,3,4
123466,1,1
123477,3,1
123482,2,1
123485,2,5
123486,2,5
123494,2,3
123501,2,1
123503,3,4
123514,1,0
123526,2,1
123539,0,0
123546,2,0
123562,2,1
123574,0,0
123582,2,2
123600,2,2
123601,1,2
123602,2,2
123603,0,0
123616,3,2
123624,0,1
123625,1,2
123628,2,3
123631,2,2
123632,3,4
123644,2,1
123646,2,0
123651,2,5
123652,2,1
123653,3,2
123657,3,4
123664,2,2
123674,2,2
123697,2,0
123712,2,3
123723,3,2
123726,2,0
123727,3,4
123728,2,2
123739,3,4
123748,0,0
123750,2,3
123754,1,2
123767,2,1
123772,2,3
123784,1,0
123785,2,2
123795,1,0
123801,1,2
123809,2,2
123813,1,0
123814,2,2
123816,0,1
123817,3,4
123818,1,1
123868,1,2
123871,2,3
123875,1,4
123877,2,0
123884,0,0
123889,3,1
123895,3,4
123899,1,1
123901,2,1
123903,3,4
123914,2,1
123919,2,2
123927,2,0
123930,2,1
123940,2,3
123942,2,1
123961,2,1
123966,3,4
123974,2,1
123981,0,0
123982,3,4
123989,2,1
123998,2,0
123999,3,4
124000,1,0
124006,3,2
124014,2,0
124015,0,0
124025,2,2
124028,2,2
124032,2,3
124040,2,2
124042,1,0
124046,2,2
124055,1,0
124057,2,0
124059,2,2
124061,2,5
124063,2,1
124065,2,1
124081,2,1
124083,3,1
124104,1,4
124113,2,0
124118,1,0
124120,2,5
124121,1,2
124128,2,4
124131,2,1
124152,0,0
124157,2,3
124161,2,1
124163,3,1
124176,1,0
124177,2,0
124181,2,5
124182,3,4
124183,2,2
124188,2,0
124200,1,1
124214,2,0
124240,4,2
124246,4,3
124288,1,1
124303,1,0
124304,1,1
124305,2,0
124312,2,2
124323,2,1
124324,0,0
124340,2,0
124349,3,4
124352,1,0
124353,2,5
124372,2,0
124377,2,5
124380,2,0
124397,2,2
124399,1,1
124403,1,2
124410,2,1
124411,1,0
124412,2,0
124416,2,1
124429,2,0
124447,2,5
124457,1,3
124464,1,2
124465,0,0
124466,2,0
124467,2,0
124468,2,1
124471,2,1
124472,2,4
124477,2,1
124484,2,1
124485,0,2
124486,2,0
124487,2,1
124495,3,4
124498,2,1
124499,2,2
124500,1,0
124501,2,1
124503,2,1
124507,1,0
124524,2,2
124531,2,2
124532,0,0
124533,2,1
124534,2,2
124536,0,1
124540,2,2
124541,0,2
124542,2,1
124553,1,1
124557,2,1
124561,2,5
124578,2,3
124588,2,5
124593,2,2
124610,2,1
124637,0,0
124643,2,2
124649,0,2
124654,3,2
124660,1,0
124662,3,4
124674,3,3
124677,2,3
124681,3,3
124683,2,2
124693,0,0
124695,2,1
124698,2,1
124705,3,2
124707,3,4
124724,2,3
124767,2,1
124768,2,2
124795,1,0
124813,3,1
124818,1,0
124824,2,2
124837,2,1
124839,2,1
124840,0,1
124876,2,1
124878,3,4
124880,2,0
124881,0,0
124882,3,4
124886,2,2
124887,2,1
124888,2,1
124890,3,4
124891,2,3
124892,3,4
124893,2,3
124894,2,3
124895,2,2
124896,2,0
124898,1,1
124899,2,1
124904,1,1
124918,2,1
124928,2,0
124931,2,1
124935,2,1
124939,3,4
124957,1,2
124981,3,4
125015,1,2
125030,2,3
125042,1,3
125050,1,1
125062,1,0
125065,2,2
125066,3,4
125073,2,0
125084,1,2
125093,1,0
125095,2,1
125102,2,3
125110,1,0
125118,2,1
125121,2,5
125127,3,0
125129,1,0
125132,2,0
125133,2,1
125135,1,3
125139,0,0
125145,0,0
125159,1,1
125166,2,2
125172,1,0
125175,1,0
125198,2,2
125213,2,2
125220,2,3
125222,1,0
125226,4,3
125231,1,0
125240,2,2
125248,1,0
125269,1,2
125295,2,1
125301,2,3
125307,2,0
125350,0,0
125354,1,1
125357,1,1
125359,1,0
125368,2,2
125370,1,1
125374,2,0
125380,2,1
125382,2,1
125390,0,0
125408,2,0
125416,1,1
125418,3,4
125423,0,0
125426,2,3
125428,1,0
125440,1,0
125451,2,5
125453,2,3
125456,2,0
125457,1,0
125467,1,0
125472,2,0
125481,2,2
125483,1,0
125491,2,5
125494,2,2
125500,1,2
125512,0,0
125517,2,2
125533,3,4
125539,0,0
125555,1,3
125557,2,3
125571,2,5
125581,1,1
125584,1,1
125591,1,0
125592,2,2
125593,2,1
125594,2,3
125595,2,5
125596,2,1
125598,2,2
125608,2,3
125609,2,1
125619,2,0
125622,1,2
125624,3,3
125625,2,5
125627,2,2
125628,2,5
125631,1,3
125634,1,1
125645,0,0
125647,2,1
125649,2,5
125654,1,3
125656,2,1
125657,3,4
125658,2,2
125660,0,0
125661,1,1
125664,2,1
125667,2,3
125668,4,3
125670,3,1
125677,2,2
125690,3,2
125710,0,2
125713,2,3
125714,0,1
125721,2,0
125723,2,1
125728,2,5
125737,2,2
125744,1,1
125745,3,5
125748,2,0
125752,2,5
125754,2,3
125755,2,4
125756,2,2
125757,0,0
125758,2,1
125759,2,2
125760,2,2
125762,1,1
125767,1,1
125773,1,1
125810,1,0
125811,2,1
125817,1,0
125819,1,0
125841,1,1
125852,2,3
125856,1,0
125861,1,2
125869,1,4
125872,2,1
125879,4,3
125891,2,3
125915,1,1
125916,1,0
125917,2,1
125920,2,5
125929,1,0
125943,1,1
125944,3,4
125959,2,5
125965,2,3
125975,2,2
125986,2,1
125987,2,2
125993,2,2
126003,2,1
126008,2,1
126011,2,2
126030,2,1
126031,2,3
126034,2,0
126037,2,0
126045,0,2
126048,2,5
126049,3,4
126050,2,1
126053,2,1
126067,2,1
126098,2,2
126103,2,5
126105,2,1
126113,2,0
126117,2,1
126118,2,5
126119,1,1
126123,2,3
126129,2,2
126141,1,1
126149,2,0
126151,1,0
126152,2,2
126154,2,3
126168,1,0
126169,0,2
126180,2,3
126181,2,2
126186,2,2
126191,0,1
126199,1,2
126216,2,3
126225,2,2
126226,2,2
126227,2,1
126228,0,0
126229,1,2
126230,0,0
126239,1,1
126240,2,1
126244,0,0
126246,1,2
126248,2,1
126255,2,0
126256,2,3
126292,2,1
126308,2,0
126310,0,0
126313,2,1
126321,2,2
126326,2,1
126328,2,0
126332,1,0
126336,2,3
126343,2,0
126355,2,1
126362,0,0
126368,2,3
126369,1,2
126384,3,0
126391,0,0
126395,2,2
126407,1,2
126419,1,1
126422,1,2
126423,2,1
126441,1,0
126443,2,1
126454,1,0
126485,2,1
126486,2,1
126496,2,2
126498,2,3
126505,2,1
126508,1,3
126520,1,2
126524,1,0
126526,1,1
126527,2,0
126529,1,1
126531,1,1
126532,2,2
126533,1,0
126535,2,3
126536,2,2
126538,2,1
126552,1,1
126565,2,1
126577,2,2
126591,2,1
126596,1,1
126597,2,5
126603,0,0
126604,2,3
126616,2,5
126630,2,1
126643,1,1
126645,1,3
126651,2,2
126668,2,1
126669,2,1
126674,0,0
126675,0,1
126686,4,2
126689,2,5
126690,2,1
126704,2,2
126710,3,4
126721,2,0
126723,2,2
126731,0,0
126737,2,5
126743,2,1
126749,3,2
126754,1,2
126762,1,2
126774,1,0
126780,1,0
126790,3,4
126800,2,5
126802,3,2
126810,2,1
126812,2,2
126819,2,1
126825,0,0
126832,2,1
126838,1,1
126843,2,5
126845,2,5
126846,2,3
126847,2,2
126848,2,0
126850,3,4
126857,1,0
126867,2,5
126869,1,2
126888,2,5
126899,1,2
126900,2,1
126901,1,0
126911,4,3
126917,1,4
126922,3,4
126931,0,0
126934,2,1
126946,3,4
126950,3,1
126953,3,4
126960,2,1
126966,2,3
126967,1,3
126976,2,1
126977,2,3
126978,2,1
127020,1,2
127024,2,5
127034,0,0
127065,1,2
127066,2,2
127075,2,2
127078,2,5
127094,0,0
127137,2,3
127142,2,1
127145,2,2
127147,3,4
127153,2,1
127160,1,1
127186,0,0
127196,2,3
127202,2,1
127210,2,1
127221,2,2
127228,2,1
127229,2,3
127235,2,2
127239,3,4
127254,4,3
127272,1,2
127275,0,0
127277,2,5
127278,2,1
127279,2,3
127296,2,1
127307,2,2
127318,2,1
127328,2,0
127342,2,0
127363,2,3
127364,2,2
127365,2,3
127377,1,1
127403,3,4
127410,2,2
127411,3,4
127414,2,2
127420,1,2
127447,0,1
127452,0,0
127453,3,2
127454,2,1
127455,2,1
127456,3,4
127457,2,2
127462,2,1
127466,2,2
127478,2,1
127484,2,2
127485,2,5
127488,1,2
127494,0,2
127507,2,0
127512,1,1
127520,1,0
127547,2,3
127548,2,2
127558,1,0
127561,2,0
127575,2,2
127581,2,1
127583,2,1
127584,2,5
127592,2,5
127609,1,0
127637,2,5
127657,1,0
127659,2,1
127661,1,1
127676,2,1
127696,2,1
127718,2,5
127719,0,0
127726,2,2
127731,2,0
127734,2,0
127741,3,4
127744,0,1
127745,3,4
127758,2,0
127764,2,0
127792,2,2
127810,2,1
127818,0,0
127822,1,0
127825,2,1
127826,2,2
127828,2,1
127839,1,4
127843,2,0
127847,2,5
127855,2,0
127856,3,4
127857,2,0
127864,2,2
127868,2,0
127876,0,1
127885,2,1
127888,1,2
127892,2,1
127893,2,1
127896,1,0
127906,2,1
127910,2,2
127913,0,1
127914,2,5
127924,2,1
127926,2,2
127943,2,1
127947,1,0
127950,1,2
127959,2,2
127961,2,2
127963,2,0
127985,2,2
127994,2,1
128009,2,2
128017,2,5
128030,1,2
128032,2,3
128034,0,0
128041,2,0
128045,1,0
128064,2,3
128071,2,1
128074,2,5
128075,0,2
128079,2,0
128084,1,1
128100,2,3
128101,2,1
128103,1,0
128106,2,0
128126,3,4
128135,2,1
128153,1,0
128156,2,2
128157,2,5
128158,2,0
128161,3,4
128163,0,0
128164,2,1
128165,3,4
128167,2,0
128168,2,3
128173,2,5
128180,2,1
128183,2,5
128191,1,1
128211,3,4
128227,2,5
128228,2,5
128237,2,1
128245,2,1
128254,2,1
128263,2,1
128268,3,4
128270,3,4
128272,2,0
128274,2,1
128286,3,4
128287,2,0
128288,1,3
128293,0,1
128294,1,0
128310,3,4
128314,2,1
128319,1,1
128323,2,4
128324,2,1
128329,2,5
128331,2,1
128334,2,0
128338,2,0
128356,1,0
128358,2,3
128372,0,0
128373,2,2
128385,2,1
128387,2,1
128388,3,3
128389,2,5
128390,2,1
128391,0,2
128415,2,2
128418,2,2
128421,1,3
128422,1,0
128423,3,4
128428,0,2
128433,0,0
128440,2,0
128452,3,4
128457,0,0
128467,1,0
128470,1,1
128485,2,0
128488,0,0
128497,3,4
128499,1,0
128514,2,2
128524,2,3
128536,2,2
128537,2,5
128538,3,2
128542,2,3
128547,2,1
128549,2,2
128558,0,0
128561,3,4
128562,2,1
128563,2,5
128567,2,0
128571,2,1
128573,3,4
128576,2,1
128582,1,0
128595,1,1
128605,2,2
128606,3,4
128615,2,0
128619,2,2
128656,2,1
128659,2,0
128660,2,1
128661,1,2
128666,1,2
128668,1,2
128673,2,1
128677,3,1
128680,1,0
128686,2,1
128689,2,2
128694,3,4
128695,1,1
128697,2,2
128700,2,5
128704,2,3
128710,1,1
128712,2,0
128718,2,1
128730,0,0
128733,2,2
128742,3,3
128743,2,5
128749,3,1
128755,3,4
128757,2,1
128759,2,2
128766,2,1
128777,1,0
128797,1,1
128804,2,2
128815,2,3
128823,2,2
128824,0,0
128831,2,0
128833,0,1
128835,2,2
128837,2,4
128839,2,5
128861,2,0
128865,2,2
128869,3,4
128875,3,4
128877,1,0
128880,0,0
128884,2,2
128885,1,0
128891,2,2
128900,2,2
128902,3,4
128908,0,1
128924,2,0
128928,2,2
128929,1,0
128930,2,1
128934,2,0
128943,1,0
128962,1,1
128973,2,1
128984,0,0
128993,1,2
128994,3,4
128996,2,1
129000,2,5
129010,2,0
129011,0,0
129020,0,0
129026,2,4
129030,2,2
129039,2,1
129048,1,0
129050,2,5
129055,2,1
129063,2,0
129073,2,1
129087,3,4
129088,2,1
129089,3,4
129090,2,2
129091,1,2
129092,2,1
129093,4,3
129094,2,1
129097,1,1
129115,2,2
129120,2,0
129121,3,4
129123,2,5
129125,2,0
129128,2,2
129143,1,2
129149,1,1
129150,2,2
129167,0,0
129175,1,0
129179,2,1
129188,2,0
129202,0,0
129212,2,0
129219,2,1
129222,1,2
129224,1,1
129225,1,0
129228,2,3
129229,2,2
129244,3,1
129252,3,4
129262,1,0
129266,2,1
129268,1,0
129284,3,4
129287,2,5
129309,0,0
129312,2,2
129337,1,0
129339,2,1
129341,2,2
129344,0,2
129347,1,2
129348,2,2
129359,3,1
129364,3,2
129371,2,0
129376,2,1
129377,2,3
129388,2,1
129406,3,3
129409,3,4
129425,3,4
129427,2,5
129431,1,0
129437,2,2
129438,0,1
129458,2,2
129462,2,4
129480,2,2
129617,2,0
129624,1,2
129630,2,0
129646,2,1
129659,2,5
129665,2,0
129681,2,1
129689,1,1
129692,0,0
129696,1,0
129704,3,4
129707,2,0
129708,2,5
129710,2,1
129740,3,4
129743,1,0
129744,1,2
129748,2,5
129779,3,4
129783,2,1
129788,0,0
129789,2,3
129790,2,5
129795,3,4
129800,2,0
129804,2,2
129805,2,2
129807,2,2
129811,1,2
129815,3,4
129817,0,0
129818,2,1
129823,2,0
129829,2,3
129842,2,0
129848,2,2
129865,1,0
129875,0,1
129889,2,2
129890,2,3
129892,3,4
129895,2,0
129896,0,1
129900,0,0
129920,2,1
129925,1,0
129934,2,5
129936,2,1
129942,2,5
129951,3,2
129952,1,2
129960,2,1
129967,2,2
129970,3,4
129983,1,0
129987,2,2
129991,2,1
129997,2,1
130000,3,4
130001,2,0
130002,2,0
130003,2,1
130004,2,1
130010,0,1
130017,1,1
130020,2,0
130026,2,1
130034,1,2
130040,2,2
130048,1,0
130049,1,1
130056,1,2
130057,2,2
130058,1,0
130060,1,0
130061,2,2
130083,2,0
130097,1,0
130107,2,3
130111,2,1
130117,2,2
130133,2,2
130134,2,0
130138,3,4
130153,1,1
130164,2,1
130165,2,1
130166,2,2
130168,2,3
130169,2,5
130170,2,1
130173,2,1
130182,0,1
130186,1,2
130194,2,0
130204,2,1
130206,1,0
130208,1,0
130220,2,0
130230,0,1
130232,2,1
130234,1,0
130237,2,2
130250,0,1
130254,3,4
130255,2,1
130278,2,2
130279,2,3
130282,2,2
130290,2,2
130297,1,0
130311,2,1
130313,2,1
130319,3,1
130321,2,2
130325,2,1
130328,2,1
130340,2,1
130350,2,1
130355,2,1
130361,0,0
130362,3,4
130374,2,3
130375,2,0
130423,0,1
130425,1,2
130432,1,1
130441,1,0
130449,1,0
130452,2,3
130454,2,5
130463,1,1
130479,2,2
130486,0,0
130490,1,0
130500,2,1
130528,2,1
130533,1,0
130543,1,1
130550,2,2
130565,2,1
130566,0,2
130572,2,3
130592,2,5
130608,2,3
130612,3,4
130613,1,1
130630,0,0
130642,1,0
130662,2,1
130666,1,0
130669,0,1
130672,0,0
130675,2,2
130697,0,0
130700,2,1
130710,3,4
130722,2,5
130728,2,4
130731,2,2
130732,2,3
130740,1,0
130743,1,1
130746,0,0
130748,1,2
130759,2,3
130763,3,2
130772,0,1
130777,2,1
130784,0,0
130785,2,0
130791,2,5
130793,2,3
130814,2,1
130824,2,1
130826,3,4
130838,2,2
130841,0,0
130847,2,4
130848,1,2
130852,2,4
130853,2,5
130856,0,1
130859,2,2
130869,3,4
130872,0,0
130875,2,1
130882,1,1
130889,2,0
130893,2,1
130895,0,1
130906,2,0
130919,2,2
130940,1,1
130953,0,0
130955,1,0
130974,0,0
130982,0,0
130989,2,3
131007,1,0
131016,1,0
131030,3,4
131031,2,1
131035,0,0
131042,2,3
131044,1,0
131063,1,0
131064,3,4
131077,0,0
131083,3,4
131094,3,3
131095,2,5
131109,0,0
131129,2,0
131143,0,0
131147,2,1
131148,1,2
131151,3,2
131158,2,3
131159,2,2
131163,0,0
131170,2,3
131181,1,2
131182,3,4
131201,0,0
131204,0,0
131217,2,2
131223,2,1
131231,2,0
131241,2,1
131245,1,3
131261,2,2
131276,2,2
131278,1,2
131279,2,1
131282,2,1
131289,2,2
131302,3,4
131306,1,3
131312,1,3
131314,3,4
131321,0,0
131322,2,1
131323,2,1
131334,1,0
131335,1,1
131338,0,0
131341,2,5
131349,2,1
131361,3,4
131368,1,0
131375,2,0
131377,2,2
131389,2,5
131390,2,1
131391,2,2
131404,2,1
131407,2,2
131416,0,1
131418,2,0
131421,3,0
131433,2,1
131453,2,3
131454,1,1
131460,2,2
131464,2,2
131470,1,1
131485,2,1
131486,2,5
131488,2,1
131493,3,0
131501,1,2
131520,1,1
131522,2,3
131523,2,1
131540,2,0
131546,2,1
131549,2,2
131561,2,0
131574,2,0
131582,2,1
131587,2,3
131596,2,2
131598,2,2
131605,1,0
131616,2,3
131620,1,0
131630,0,2
131634,2,0
131639,0,0
131648,2,1
131666,0,0
131673,2,3
131676,1,2
131678,1,0
131682,0,1
131698,2,3
131705,1,1
131714,2,1
131715,2,1
131728,4,3
131738,2,2
131744,2,1
131750,4,3
131751,2,2
131756,1,0
131757,1,0
131760,2,3
131768,2,1
131784,2,1
131785,2,0
131789,2,0
131790,2,3
131794,1,0
131801,3,4
131835,3,4
131850,0,0
131851,1,2
131857,2,1
131867,2,1
131868,2,5
131870,2,2
131880,2,2
131885,2,0
131888,2,2
131893,3,4
131896,2,1
131898,2,2
131911,3,3
131912,2,1
131940,2,1
131948,2,0
131960,2,4
131962,2,1
131966,2,0
131984,2,5
131986,0,0
131991,2,0
131993,3,1
131999,2,0
132001,2,1
132003,2,0
132022,3,4
132040,2,1
132045,2,3
132049,1,0
132052,2,2
132059,3,3
132066,1,1
132070,2,1
132076,1,0
132088,2,2
132089,2,1
132103,2,0
132108,0,0
132109,1,1
132127,2,2
132131,1,2
132132,2,3
132133,2,2
132134,0,1
132135,1,2
132144,2,2
132151,1,1
132154,2,0
132158,2,2
132159,2,1
132161,0,0
132164,2,5
132168,0,0
132192,2,1
132201,1,3
132203,2,1
132205,2,1
132206,2,3
132208,2,3
132218,1,2
132221,1,1
132235,0,0
132236,1,2
132243,2,3
132254,2,5
132263,2,2
132291,1,1
132293,2,0
132297,1,0
132303,2,2
132308,2,1
132315,2,1
132321,3,4
132325,0,1
132326,2,0
132330,1,2
132345,2,1
132346,2,1
132350,2,1
132396,2,1
132415,2,2
132428,2,2
132433,2,2
132437,2,1
132438,3,1
132441,3,4
132442,2,2
132450,2,1
132456,3,1
132458,0,0
132459,1,0
132461,2,5
132467,2,1
132468,1,1
132483,1,2
132484,2,1
132491,1,3
132495,3,4
132512,1,1
132515,2,0
132521,2,2
132534,0,0
132542,2,2
132544,0,1
132549,2,5
132555,2,4
132561,2,2
132577,2,2
132578,2,5
132582,0,2
132585,2,5
132589,0,1
132600,2,1
132606,1,2
132612,2,0
132613,1,1
132620,1,1
132622,1,0
132628,3,0
132632,3,4
132636,2,1
132638,2,5
132644,2,2
132649,2,2
132652,3,4
132658,1,0
132660,1,1
132666,3,4
132671,2,2
132678,1,0
132685,2,2
132689,2,5
132700,0,1
132707,3,4
132715,0,0
132718,1,0
132721,2,2
132722,1,1
132725,1,1
132734,2,1
132737,2,1
132741,2,5
132745,2,0
132750,2,1
132755,1,0
132762,1,0
132772,2,0
132781,1,1
132791,2,2
132793,2,1
132800,2,1
132803,3,4
132820,2,1
132822,4,3
132825,3,1
132834,0,0
132836,2,5
132841,2,0
132843,1,0
132845,2,5
132846,3,4
132851,3,4
132852,1,0
132868,2,2
132869,2,1
132872,0,0
132875,3,4
132879,2,1
132883,2,3
132885,2,5
132886,1,1
132887,2,1
132888,1,1
132890,0,0
132891,2,5
132893,2,0
132898,1,0
132906,0,1
132909,3,4
132910,2,2
132915,2,1
132921,2,3
132924,2,1
132925,2,2
132932,2,1
132934,2,1
132947,3,4
132959,2,1
132961,1,1
132962,2,1
132975,2,2
132979,2,1
132982,2,3
132988,1,1
133001,2,2
133017,2,1
133025,2,2
133035,2,1
133048,1,1
133050,1,2
133052,2,3
133055,2,2
133057,3,4
133059,0,0
133064,1,2
133075,1,0
133081,2,1
133082,0,0
133087,0,0
133088,2,2
133100,1,1
133106,0,0
133108,2,1
133109,2,0
133121,1,0
133134,4,3
133141,2,1
133143,3,4
133146,0,1
133147,3,4
133150,2,2
133152,1,1
133154,2,1
133171,1,1
133176,2,3
133195,1,0
133207,2,2
133216,0,0
133222,0,2
133224,3,5
133226,1,2
133230,2,0
133246,3,1
133251,2,0
133256,2,2
133263,3,4
133266,1,2
133267,2,3
133272,2,1
133280,2,4
133308,2,1
133309,2,1
133310,2,1
133313,2,5
133315,2,5
133317,2,1
133320,2,0
133343,2,2
133345,3,4
133349,2,0
133350,2,3
133351,2,2
133356,3,4
133360,1,0
133364,3,4
133374,0,0
133378,2,2
133391,2,2
133401,2,5
133405,2,2
133408,0,0
133421,1,2
133429,2,1
133450,1,1
133457,2,2
133482,1,5
133503,2,2
133508,1,2
133509,2,1
133515,2,2
133525,2,0
133526,2,0
133529,2,3
133532,2,2
133545,2,1
133551,2,2
133555,2,2
133559,2,2
133560,1,0
133564,0,0
133571,2,2
133575,1,4
133584,3,1
133610,2,1
133612,1,0
133622,3,4
133623,2,3
133630,2,0
133631,2,1
133635,1,2
133637,0,0
133642,2,5
133643,2,0
133654,2,1
133662,3,4
133676,3,4
133679,2,2
133682,2,5
133688,2,2
133694,1,1
133698,3,4
133701,2,2
133703,1,2
133708,0,0
133721,3,4
133758,2,1
133761,2,1
133766,0,1
133767,1,0
133786,3,4
133794,2,0
133798,1,3
133813,2,5
133816,1,1
133821,2,1
133823,3,1
133830,2,1
133835,1,3
133837,2,1
133843,2,2
133849,1,0
133856,2,2
133864,2,0
133868,0,0
133872,2,2
133873,0,0
133875,0,0
133885,2,0
133900,2,2
133911,3,1
133936,2,2
133948,3,1
133956,3,2
133958,2,2
133963,2,0
133972,2,0
133976,2,1
134000,2,1
134002,2,1
134007,2,0
134015,0,1
134026,1,1
134028,1,2
134032,2,1
134034,2,0
134037,2,2
134047,2,1
134050,2,3
134065,2,2
134086,3,1
134090,0,0
134093,2,2
134104,1,0
134106,1,0
134107,1,1
134124,2,0
134138,2,2
134152,0,0
134159,2,3
134160,2,1
134166,0,1
134170,2,5
134185,0,0
134192,2,1
134197,2,3
134201,2,5
134202,2,1
134220,2,2
134223,1,2
134224,1,1
134245,2,1
134255,3,4
134265,2,1
134270,2,1
134275,3,4
134282,0,1
134285,2,3
134289,2,5
134302,2,1
134317,2,5
134322,0,0
134323,1,3
134324,0,0
134327,2,1
134329,2,1
134330,0,0
134333,2,2
134335,2,2
134336,2,2
134350,2,1
134351,1,0
134358,1,2
134362,1,0
134375,1,0
134377,3,4
134385,0,0
134386,2,2
134389,1,3
134398,3,4
134401,2,1
134411,2,5
134417,2,2
134432,2,5
134444,1,2
134447,2,5
134449,1,0
134456,2,5
134463,2,1
134464,2,2
134468,1,0
134482,2,1
134494,2,0
134497,2,0
134498,1,2
134508,2,2
134512,0,0
134519,2,1
134530,2,1
134539,2,2
134557,0,2
134566,2,2
134574,1,0
134583,3,4
134589,1,0
134592,2,5
134597,2,2
134602,3,4
134611,2,1
134613,0,0
134623,3,4
134625,2,3
134641,3,4
134642,2,3
134647,0,0
134653,1,0
134667,1,4
134668,0,1
134670,2,2
134676,2,2
134677,2,0
134685,1,1
134691,3,4
134703,2,2
134706,2,1
134735,1,1
134737,2,1
134747,2,2
134750,2,5
134757,2,3
134759,3,4
134767,2,1
134769,2,1
134770,0,0
134773,1,0
134783,2,2
134802,3,3
134817,2,3
134822,1,2
134824,2,0
134825,2,2
134835,2,2
134846,2,2
134848,2,2
134852,1,2
134854,2,1
134855,2,0
134857,1,2
134866,3,4
134868,0,0
134888,2,1
134892,1,0
134895,2,2
134896,2,1
134900,2,1
134909,2,3
134916,2,5
134923,0,0
134925,0,0
134928,1,2
134931,2,5
134932,2,3
134933,2,0
134938,2,2
134943,1,0
134962,0,0
134964,1,1
134967,2,1
134968,2,5
134977,3,0
134978,2,1
134989,1,0
134990,3,4
134999,2,4
135006,1,0
135008,2,1
135010,3,4
135017,2,5
135025,2,0
135030,1,0
135035,3,5
135040,2,3
135046,1,0
135047,2,3
135065,1,2
135067,0,0
135074,1,0
135078,0,0
135089,1,2
135090,0,0
135091,2,0
135105,1,0
135111,2,5
135115,1,4
135122,1,1
135123,2,1
135125,2,4
135140,2,1
135194,2,2
135197,0,0
135198,2,3
135204,1,0
135214,3,2
135215,2,1
135219,2,2
135220,2,5
135229,2,1
135235,2,2
135237,2,2
135243,3,2
135245,1,2
135251,1,3
135254,2,2
135261,2,3
135267,2,3
135268,2,5
135270,2,2
135297,1,1
135304,1,0
135326,2,0
135333,2,0
135335,0,1
135336,2,3
135340,3,4
135343,2,2
135349,0,0
135363,3,4
135371,1,1
135385,3,1
135400,1,1
135406,0,0
135408,3,4
135411,2,1
135413,2,2
135415,0,0
135430,2,3
135437,2,3
135439,2,5
135441,2,2
135444,2,1
135452,1,0
135453,1,0
135466,3,4
135477,2,2
135480,2,2
135483,0,0
135485,1,1
135489,1,2
135492,2,0
135497,2,1
135509,2,3
135511,2,2
135518,2,2
135526,3,4
135530,2,1
135535,2,2
135550,2,2
135553,2,1
135556,2,1
135557,2,2
135561,2,1
135564,1,0
135581,2,1
135582,2,3
135587,2,2
135588,2,1
135591,2,2
135593,2,1
135595,1,2
135599,2,2
135611,2,2
135632,3,4
135633,2,0
135642,3,4
135643,2,1
135646,2,1
135648,1,0
135650,2,3
135652,0,0
135658,1,1
135668,1,0
135671,0,0
135681,2,0
135685,2,1
135689,2,5
135690,3,2
135691,1,0
135695,2,5
135703,1,2
135714,2,1
135720,2,1
135726,1,1
135734,2,2
135737,0,2
135742,3,4
135766,0,0
135767,2,2
135784,3,4
135785,2,3
135791,1,0
135795,2,5
135798,2,5
135799,2,1
135803,2,5
135804,2,0
135807,0,0
135808,2,2
135811,2,5
135819,1,0
135827,2,2
135832,0,0
135833,2,1
135838,2,3
135841,2,1
135845,2,1
135852,2,0
135855,2,0
135857,2,1
135858,2,2
135861,2,3
135863,2,2
135873,2,1
135892,3,4
135901,1,1
135904,3,4
135911,1,0
135918,2,5
135920,1,1
135922,2,5
135926,2,3
135937,1,0
135954,2,2
135958,2,0
135961,2,3
135973,2,2
135974,0,0
135976,2,2
135980,1,0
135982,0,0
135995,2,3
135996,3,4
135998,2,0
136001,2,2
136003,2,0
136012,0,0
136045,1,1
136048,2,0
136051,2,0
136061,1,4
136067,2,1
136070,2,1
136084,2,0
136090,2,5
136095,2,5
136099,1,1
136107,2,5
136116,2,1
136131,2,2
136132,2,1
136140,2,2
136146,2,1
136152,1,0
136167,1,0
136185,2,2
136189,2,2
136191,2,1
136210,2,1
136214,2,5
136215,2,0
136218,2,1
136231,2,1
136240,1,1
136242,2,3
136246,2,0
136255,1,3
136263,1,0
136265,2,3
136270,1,1
136279,2,3
136285,2,1
136320,1,2
136324,3,1
136335,1,1
136336,1,0
136338,3,4
136340,2,1
136352,2,2
136356,2,5
136361,1,1
136364,2,1
136369,2,1
136374,1,0
136379,2,1
136382,0,0
136385,3,4
136393,2,0
136408,0,1
136410,2,1
136423,2,2
136425,0,0
136446,3,2
136458,2,2
136459,2,2
136466,3,2
136469,1,1
136481,4,1
136483,1,2
136484,2,2
136491,2,3
136493,3,4
136500,2,2
136504,0,0
136508,1,1
136509,1,3
136514,2,2
136517,3,4
136519,2,2
136536,2,2
136542,0,0
136562,2,1
136572,2,1
136586,2,0
136589,1,0
136596,1,1
136607,2,2
136611,2,3
136627,2,2
136637,2,3
136647,2,1
136652,0,0
136666,2,0
136683,2,2
136686,2,0
136699,2,2
136701,2,0
136704,2,0
136714,2,0
136729,2,1
136730,0,1
136732,0,0
136769,3,4
136770,2,3
136781,3,4
136785,1,0
136792,2,1
136808,2,2
136816,0,1
136824,1,0
136826,3,4
136829,1,1
136837,2,3
136841,2,1
136844,1,1
136862,2,0
136863,3,4
136866,1,0
136878,2,0
136879,2,2
136882,2,3
136887,2,2
136893,1,2
136895,0,0
136907,1,2
136911,0,0
136913,2,3
136914,2,1
136918,1,2
136920,1,0
136925,2,2
136927,1,0
136936,3,4
136937,2,2
136938,3,4
136939,2,1
136940,1,1
136947,2,1
136953,2,1
136963,0,0
136965,2,1
136971,1,0
136972,2,1
136979,2,1
136982,3,4
136984,2,2
136991,2,5
137008,0,1
137024,2,5
137029,2,0
137059,2,1
137066,0,1
137067,2,2
137069,0,0
137074,2,4
137075,2,0
137078,2,1
137083,2,5
137086,3,1
137113,2,1
137114,2,2
137115,2,0
137126,2,2
137130,2,1
137132,2,5
137141,1,0
137147,2,1
137155,3,1
137156,2,2
137157,3,4
137168,1,1
137169,2,5
137170,2,1
137171,2,2
137182,1,1
137198,2,3
137211,1,1
137241,2,4
137245,2,5
137246,3,2
137247,0,1
137254,0,1
137264,0,1
137269,1,3
137271,0,1
137279,2,2
137283,2,3
137284,2,1
137287,2,3
137306,2,1
137309,2,1
137321,2,1
137327,2,1
137329,1,0
137331,0,0
137342,1,1
137355,2,0
137364,1,0
137373,1,0
137389,2,2
137402,2,2
137412,2,1
137415,1,2
137438,2,0
137452,3,2
137454,2,2
137456,1,1
137458,2,1
137461,2,2
137465,2,3
137467,1,1
137471,2,0
137472,2,2
137486,2,2
137487,0,0
137491,1,0
137501,3,4
137502,1,2
137506,2,3
137514,2,2
137516,2,5
137525,3,4
137527,0,0
137541,2,5
137561,1,1
137569,2,5
137580,2,1
137581,2,1
137588,2,1
137595,2,3
137596,2,2
137598,2,2
137605,1,1
137614,3,4
137615,1,0
137620,2,3
137648,1,1
137649,2,1
137656,2,2
137666,1,0
137667,2,2
137670,2,1
137672,2,1
137675,1,3
137679,1,2
137683,1,4
137715,2,1
137719,2,2
137720,2,2
137724,0,1
137725,2,2
137726,2,1
137727,1,1
137734,2,1
137742,2,2
137746,4,3
137761,3,4
137763,1,0
137792,2,1
137800,2,2
137806,2,2
137811,2,1
137815,2,1
137821,1,2
137832,2,2
137834,2,2
137839,2,1
137840,2,1
137843,2,0
137846,1,0
137847,2,5
137858,1,0
137860,0,0
137867,2,1
137876,2,2
137877,1,1
137881,1,1
137884,2,1
137897,0,1
137904,2,1
137921,0,1
137949,2,3
137957,2,1
137958,2,0
137960,2,1
137970,2,0
137983,2,2
137986,2,1
137990,1,1
137991,2,2
138000,2,2
138001,3,5
138002,2,1
138003,2,1
138004,1,1
138005,2,5
138009,2,1
138011,2,2
138014,2,1
138015,0,1
138028,1,4
138035,2,1
138056,2,5
138057,2,2
138064,2,1
138069,2,5
138071,2,1
138073,2,0
138075,2,5
138092,2,2
138094,0,0
138097,0,0
138102,2,2
138112,2,2
138114,2,2
138118,0,0
138125,2,0
138129,0,0
138142,1,0
138143,2,2
138157,2,0
138163,3,2
138227,1,0
138230,2,0
138232,2,1
138247,2,4
138262,2,1
138267,2,2
138268,3,4
138277,0,1
138281,1,1
138282,2,3
138290,1,0
138302,0,0
138319,2,3
138320,1,3
138329,1,1
138332,2,0
138337,2,2
138343,2,3
138348,2,1
138351,0,0
138354,2,1
138365,2,1
138366,2,5
138375,3,4
138379,2,3
138380,2,2
138382,1,1
138383,2,2
138386,3,4
138387,1,1
138393,2,5
138396,3,4
138410,2,3
138415,2,2
138441,2,0
138447,1,2
138450,2,3
138454,0,1
138457,1,0
138458,2,1
138460,1,0
138465,2,1
138466,1,0
138475,2,1
138486,2,1
138487,3,4
138505,1,1
138507,0,0
138512,2,1
138514,2,1
138517,2,5
138519,2,2
138523,0,0
138524,0,0
138529,1,0
138540,0,2
138543,2,3
138545,2,1
138550,0,1
138554,1,0
138557,2,2
138560,2,1
138567,2,3
138568,2,2
138570,2,3
138571,0,0
138592,2,5
138597,2,1
138607,3,4
138608,2,1
138609,2,3
138610,3,4
138617,2,1
138618,2,0
138622,2,3
138623,2,0
138624,2,4
138634,2,5
138637,1,0
138643,2,3
138645,2,1
138648,2,2
138649,0,0
138650,2,5
138662,2,5
138666,1,0
138671,2,2
138673,3,4
138685,0,0
138686,0,0
138689,0,1
138692,2,4
138693,2,0
138721,1,1
138734,2,5
138753,0,0
138757,2,5
138763,2,1
138764,1,2
138787,2,1
138797,2,1
138798,2,3
138803,2,1
138810,1,2
138815,1,1
138816,0,0
138818,2,0
138821,2,2
138840,2,5
138842,2,2
138850,0,0
138863,2,0
138866,2,2
138870,1,4
138871,2,1
138880,3,4
138895,1,2
138904,2,1
138909,2,2
138911,1,2
138916,1,0
138928,1,1
138941,1,0
138947,2,2
138955,2,1
138958,1,1
138966,1,0
138977,3,4
138993,2,0
138994,2,2
138999,2,2
139003,2,1
139007,2,1
139018,2,2
139019,2,1
139022,2,1
139027,3,4
139031,0,0
139033,2,5
139038,2,2
139050,2,5
139058,2,2
139061,2,1
139062,1,1
139075,1,1
139080,2,2
139095,1,1
139096,3,4
139113,2,1
139123,2,0
139124,0,0
139141,0,0
139144,0,1
139145,2,1
139147,2,0
139155,0,0
139156,2,1
139157,2,2
139158,0,0
139163,2,1
139171,0,0
139174,2,1
139176,0,1
139177,3,4
139181,0,0
139187,1,1
139191,0,0
139196,1,1
139198,1,0
139202,2,1
139225,1,0
139244,2,1
139246,2,3
139250,3,4
139259,2,2
139264,3,4
139270,2,2
139274,1,1
139280,1,1
139289,3,4
139290,1,0
139292,2,2
139293,1,0
139299,1,0
139304,0,0
139306,1,0
139309,1,0
139333,1,0
139345,2,2
139366,2,2
139373,1,1
139379,2,1
139385,2,5
139395,2,2
139396,2,2
139401,2,4
139404,3,4
139407,2,1
139416,1,0
139429,0,0
139434,1,0
139443,1,0
139456,2,3
139457,2,0
139460,3,4
139462,3,4
139468,2,2
139469,0,1
139480,2,2
139482,2,1
139485,2,3
139498,2,1
139500,2,2
139505,2,5
139512,2,1
139513,2,5
139515,2,0
139516,1,2
139520,2,2
139535,2,2
139540,2,2
139563,3,1
139569,1,3
139577,3,4
139588,2,0
139606,2,5
139608,2,3
139614,3,4
139619,1,0
139624,2,0
139632,2,3
139644,1,1
139686,1,1
139689,1,1
139697,1,2
139710,0,0
139712,2,1
139754,1,2
139759,2,1
139762,2,3
139764,0,1
139770,2,5
139778,0,0
139783,2,1
139789,2,3
139798,3,4
139810,2,0
139815,3,4
139819,0,1
139825,2,2
139838,2,1
139865,3,4
139869,2,5
139884,1,0
139890,2,2
139895,2,1
139899,3,4
139907,2,0
139910,2,1
139913,2,2
139923,0,1
139937,2,1
139943,2,1
139953,2,2
139959,3,4
139970,3,4
139971,0,1
139976,1,0
139983,2,1
139987,2,2
139993,1,3
139998,2,1
140013,0,0
140015,2,0
140027,2,2
140034,2,1
140040,0,0
140062,3,4
140081,1,2
140097,2,1
140098,0,1
140101,2,5
140106,3,4
140110,3,4
140115,2,0
140117,2,5
140118,1,2
140125,3,4
140141,2,5
140142,1,0
140143,0,2
140144,2,1
140146,3,4
140147,3,4
140148,3,3
140150,2,0
140151,3,4
140159,2,1
140165,2,3
140168,1,2
140170,1,0
140188,2,4
140208,0,0
140213,0,1
140231,2,1
140241,3,4
140244,3,4
140246,1,0
140248,1,2
140250,2,1
140254,0,1
140264,2,2
140265,1,3
140269,1,0
140272,3,4
140274,2,2
140278,1,0
140294,3,4
140296,3,4
140304,1,0
140314,3,4
140323,2,2
140336,3,0
140341,2,3
140342,3,4
140353,2,0
140364,2,5
140366,2,2
140371,3,2
140372,2,3
140376,1,1
140379,2,3
140383,2,1
140384,1,1
140386,1,2
140390,0,0
140402,1,0
140407,2,1
140410,2,2
140413,2,2
140419,2,5
140442,1,2
140449,1,0
140461,0,0
140465,1,3
140468,1,0
140479,2,2
140486,2,1
140495,1,0
140504,0,0
140517,2,1
140518,2,2
140519,1,2
140522,3,4
140528,2,1
140530,2,1
140538,2,5
140539,2,2
140540,2,2
140545,2,1
140549,1,0
140558,2,3
140566,0,0
140569,0,0
140574,1,0
140575,3,4
140577,2,2
140580,2,2
140586,2,2
140593,0,0
140599,3,4
140621,2,3
140625,1,1
140626,2,4
140630,1,0
140645,2,5
140648,1,0
140657,1,0
140682,2,2
140690,2,1
140707,2,5
140739,2,5
140753,1,0
140758,1,2
140766,0,0
140770,2,1
140773,2,1
140777,2,5
140780,2,2
140792,2,2
140800,2,3
140805,0,0
140829,2,0
140832,2,1
140841,3,4
140842,2,3
140850,1,1
140852,2,1
140861,1,0
140875,2,1
140878,2,1
140884,2,2
140887,2,2
140892,0,0
140893,2,4
140897,2,3
140901,3,4
140905,1,0
140907,2,3
140916,2,1
140917,2,1
140933,0,0
140943,2,3
140946,2,1
140953,2,1
140966,1,0
140972,1,0
140975,1,2
140986,2,5
140989,2,5
140995,1,0
141001,2,2
141015,2,0
141019,1,5
141023,2,5
141033,2,3
141037,3,4
141041,1,1
141048,2,2
141050,3,1
141059,2,5
141063,4,3
141067,1,3
141073,2,2
141082,2,0
141085,2,1
141092,1,1
141095,1,0
141096,0,0
141103,1,2
141107,2,2
141116,2,3
141118,2,1
141123,2,5
141131,1,0
141148,2,3
141152,3,4
141161,2,1
141202,2,0
141203,0,0
141204,3,4
141205,1,4
141206,1,0
141207,3,4
141209,2,1
141212,1,0
141213,2,4
141217,2,1
141221,3,4
141226,2,2
141227,2,2
141233,2,1
141238,3,4
141239,3,2
141240,2,1
141241,2,0
141246,1,1
141272,1,0
141273,2,1
141280,3,4
141283,3,2
141294,2,3
141305,0,0
141338,2,2
141344,2,2
141346,2,3
141350,1,2
141361,2,1
141397,2,2
141401,2,0
141403,1,1
141406,2,1
141409,1,0
141418,2,2
141420,3,4
141421,3,4
141427,1,0
141431,1,2
141438,1,1
141452,2,2
141454,0,0
141455,2,5
141456,2,2
141457,2,1
141458,2,1
141497,2,3
141498,2,2
141517,2,5
141521,1,2
141523,0,0
141529,1,1
141534,2,2
141535,1,1
141537,2,3
141544,1,1
141546,2,2
141558,2,5
141561,0,2
141563,1,1
141567,2,1
141580,1,0
141581,2,1
141584,2,0
141592,2,5
141599,1,0
141612,1,2
141617,2,0
141624,1,1
141630,2,3
141634,0,0
141650,1,1
141652,0,1
141664,0,0
141665,2,0
141669,2,5
141670,2,2
141677,1,0
141678,2,2
141680,2,3
141683,2,1
141686,1,2
141688,1,1
141692,2,4
141693,3,5
141694,2,5
141695,2,0
141698,1,0
141706,2,0
141709,1,0
141724,1,1
141733,1,1
141755,2,3
141764,1,1
141768,0,0
141774,1,1
141784,2,5
141785,1,0
141788,2,2
141791,1,1
141801,2,3
141806,2,5
141807,2,1
141810,1,1
141812,1,0
141813,1,0
141816,1,0
141818,2,1
141829,2,0
141832,2,5
141851,2,4
141869,2,0
141878,2,2
141886,2,5
141888,2,0
141897,1,0
141923,3,4
141930,0,0
141932,2,0
141939,2,3
141949,2,1
141960,2,1
141969,2,0
141978,2,3
141991,3,3
141994,2,5
142001,0,0
142008,0,0
142017,2,0
142021,3,1
142027,2,1
142029,2,0
142033,2,5
142037,0,0
142038,2,0
142054,2,2
142076,2,1
142092,0,2
142098,0,0
142099,2,3
142108,2,2
142114,2,2
142117,2,1
142120,3,4
142124,2,1
142132,1,3
142142,0,1
142151,2,3
142153,2,1
142155,1,0
142156,2,1
142157,2,1
142168,2,1
142170,2,2
142171,3,4
142176,2,5
142182,2,2
142183,1,0
142198,2,3
142212,2,5
142215,2,1
142218,2,2
142219,2,2
142221,2,1
142223,2,3
142224,2,1
142229,2,1
142249,1,0
142264,2,2
142274,2,2
142275,2,2
142281,2,1
142293,2,0
142301,2,5
142318,2,5
142320,2,5
142324,3,2
142329,2,5
142331,3,4
142336,2,1
142351,1,1
142354,0,0
142355,1,0
142357,2,2
142358,3,2
142362,2,3
142363,2,1
142364,2,0
142367,2,5
142380,2,5
142386,2,0
142387,2,1
142389,2,2
142391,2,0
142392,2,2
142393,2,1
142414,2,1
142418,2,5
142422,2,1
142430,2,0
142454,2,5
142465,2,3
142473,0,0
142474,1,0
142475,1,0
142498,0,0
142507,2,2
142512,2,3
142516,2,5
142517,2,3
142518,1,1
142519,2,5
142528,1,2
142529,2,0
142550,3,4
142552,2,0
142554,0,1
142557,2,1
142579,0,0
142581,3,4
142582,2,1
142583,2,2
142584,2,1
142594,0,0
142596,2,3
142601,2,0
142609,1,1
142624,2,1
142639,2,1
142645,2,0
142647,2,1
142651,0,1
142655,2,1
142657,0,0
142663,0,0
142678,2,1
142680,0,0
142688,1,3
142694,0,0
142695,3,4
142701,1,0
142712,2,1
142720,1,0
142744,3,4
142754,3,3
142766,4,3
142777,1,0
142788,2,3
142795,0,0
142797,2,2
142808,3,0
142814,0,0
142820,1,0
142821,2,2
142822,2,2
142842,2,3
142850,2,1
142851,3,4
142852,0,0
142859,2,0
142860,0,1
142861,2,5
142862,2,3
142863,2,3
142864,2,4
142865,2,1
142866,4,3
142881,1,1
142884,2,1
142885,2,1
142899,2,3
142909,1,1
142915,2,0
142918,2,1
142924,2,2
142929,2,0
142937,1,0
142946,3,4
142960,0,0
142962,2,1
142966,2,0
142967,3,4
142975,2,1
142979,2,1
142991,2,1
142994,0,0
142995,2,1
142996,2,5
142998,1,0
142999,1,0
143005,2,5
143007,1,0
143009,0,0
143013,2,4
143023,0,3
143025,2,2
143039,2,2
143071,3,1
143086,3,3
143087,2,1
143093,2,1
143102,2,5
143109,1,1
143114,2,1
143118,0,0
143128,2,3
143132,2,2
143138,3,4
143241,1,0
143242,2,1
143256,3,4
143260,1,0
143263,1,0
143270,1,0
143286,1,2
143287,2,1
143288,4,3
143289,1,3
143294,2,1
143304,1,0
143310,2,1
143314,1,0
143317,3,4
143325,2,2
143335,3,4
143342,1,3
143344,3,1
143361,2,5
143363,2,1
143369,2,1
143372,1,0
143385,3,4
143392,2,1
143403,2,0
143413,2,1
143415,1,1
143417,2,0
143421,2,3
143422,2,2
143425,2,1
143446,1,2
143462,2,0
143463,3,1
143465,1,0
143466,3,2
143467,2,1
143469,2,3
143486,2,0
143495,1,0
143497,1,0
143518,3,1
143522,2,3
143523,3,2
143528,2,5
143529,1,3
143532,2,4
143540,3,4
143545,3,4
143550,2,0
143555,2,1
143556,2,1
143562,0,1
143567,0,1
143570,2,1
143575,2,2
143579,2,1
143584,2,2
143594,0,0
143601,3,1
143618,2,5
143620,1,0
143626,1,1
143631,0,0
143639,2,2
143650,0,0
143652,2,4
143654,2,5
143667,3,4
143685,2,1
143686,2,3
143689,1,2
143693,2,2
143699,2,4
143710,1,0
143718,1,1
143730,2,2
143732,2,3
143733,2,1
143738,2,1
143743,3,4
143745,2,1
143750,2,1
143752,1,0
143757,2,2
143760,3,2
143761,2,4
143768,2,3
143784,2,3
143788,2,1
143790,2,0
143792,3,4
143806,2,2
143812,1,0
143813,1,0
143829,2,2
143839,2,1
143857,1,3
143863,2,2
143868,3,4
143870,1,1
143872,2,0
143875,2,4
143880,0,1
143885,2,1
143889,2,1
143895,2,0
143902,2,2
143911,2,3
143918,2,1
143934,2,0
143938,3,1
143950,2,2
143953,3,4
143955,2,0
143974,2,1
143978,0,1
143989,1,0
143993,2,1
143994,1,2
143996,2,2
144005,2,2
144019,1,1
144034,2,1
144035,3,4
144036,1,3
144041,1,0
144054,1,0
144057,3,4
144063,0,0
144068,1,2
144069,1,1
144073,2,4
144077,0,0
144078,2,3
144082,2,2
144083,3,1
144085,2,1
144094,2,1
144095,2,1
144104,0,0
144118,0,0
144130,3,4
144145,2,1
144150,1,1
144163,2,3
144176,2,1
144179,2,3
144182,4,1
144196,1,4
144200,2,0
144203,2,2
144209,2,3
144210,2,2
144220,3,4
144229,2,5
144232,2,0
144237,2,1
144239,2,1
144244,2,3
144250,2,1
144255,0,0
144261,2,5
144263,0,0
144267,2,1
144275,2,5
144278,2,3
144284,1,0
144285,2,5
144286,2,0
144301,0,0
144304,2,1
144310,2,2
144329,2,5
144338,3,4
144349,3,4
144358,2,1
144362,2,1
144363,3,4
144365,3,4
144367,2,3
144369,1,1
144371,3,2
144374,2,1
144381,2,5
144382,2,0
144388,2,2
144398,2,1
144405,1,0
144414,3,4
144417,2,1
144430,3,3
144434,2,2
144445,2,2
144452,2,0
144455,2,5
144468,2,0
144470,2,5
144473,2,2
144478,3,4
144497,2,2
144501,2,3
144507,3,0
144527,2,0
144532,3,4
144555,2,1
144560,2,5
144566,2,1
144571,0,0
144588,2,1
144596,1,0
144599,2,1
144611,2,2
144614,2,0
144616,2,2
144627,1,0
144673,2,5
144677,1,0
144679,2,0
144685,2,1
144695,2,3
144698,0,0
144705,1,0
144714,1,1
144717,3,3
144736,2,4
144753,2,1
144772,2,2
144778,1,2
144780,2,1
144783,2,2
144808,2,2
144812,2,2
144815,2,2
144824,2,2
144825,3,4
144847,2,0
144879,0,0
144890,2,2
144900,2,0
144908,1,2
144914,1,0
144916,2,3
144926,2,0
144933,2,0
144953,2,2
144954,0,0
144967,2,2
144972,1,1
144974,0,1
144979,2,1
144988,2,1
144989,3,2
145006,2,1
145014,1,0
145020,2,1
145022,1,1
145023,3,4
145025,2,2
145028,2,1
145030,2,3
145033,2,2
145041,2,1
145051,2,1
145055,2,2
145060,2,1
145068,1,0
145074,3,4
145079,2,4
145103,3,1
145117,2,2
145118,2,1
145119,1,0
145120,0,0
145144,1,1
145151,2,2
145153,2,5
145165,0,0
145166,2,1
145171,2,2
145176,1,0
145177,2,5
145186,0,0
145197,3,4
145202,3,5
145209,3,4
145224,2,3
145271,2,1
145272,0,0
145278,3,1
145286,2,1
145293,2,5
145300,2,5
145301,2,3
145306,2,2
145313,2,2
145321,1,1
145323,3,2
145329,2,1
145343,1,1
145361,0,0
145370,2,1
145389,2,1
145397,3,3
145415,4,3
145416,2,2
145420,0,1
145433,3,2
145434,3,4
145439,0,1
145454,2,0
145462,1,2
145472,3,4
145478,3,2
145495,1,2
145496,2,2
145497,4,3
145503,3,4
145505,0,0
145506,2,1
145508,3,2
145513,2,1
145519,2,0
145522,2,1
145525,1,0
145536,2,1
145549,2,2
145562,0,0
145563,1,1
145568,1,4
145574,2,2
145577,0,0
145581,1,0
145583,1,0
145616,2,3
145617,0,0
145621,2,1
145625,2,1
145633,2,0
145640,2,3
145650,0,0
145654,1,1
145667,3,2
145678,2,1
145679,3,3
145687,2,1
145702,0,0
145710,2,0
145713,2,1
145716,2,2
145717,2,1
145721,2,1
145722,4,2
145724,3,4
145732,1,1
145746,2,1
145752,0,0
145763,2,2
145773,2,2
145776,2,0
145779,2,0
145781,2,2
145783,3,4
145785,2,1
145790,1,0
145792,2,2
145794,2,2
145796,1,2
145800,1,0
145803,1,0
145804,0,1
145813,0,0
145827,2,0
145837,2,4
145839,2,1
145854,2,1
145856,3,2
145876,2,2
145877,0,0
145882,1,0
145887,1,2
145888,0,0
145891,2,5
145896,2,0
145925,2,2
145934,2,3
145936,2,2
145944,2,0
145960,2,2
145961,1,0
145970,2,1
145976,3,2
145987,1,1
145989,0,0
145995,2,1
146001,2,1
146003,2,0
146004,1,0
146011,1,0
146039,2,1
146051,2,5
146056,3,4
146060,2,1
146066,2,0
146077,0,0
146091,2,2
146092,1,0
146101,2,0
146132,2,1
146133,2,5
146134,0,0
146143,1,1
146144,1,0
146162,2,0
146172,1,3
146182,1,0
146185,2,0
146187,2,1
146193,2,3
146199,2,1
146214,4,3
146219,2,2
146220,2,2
146223,1,3
146230,2,1
146243,3,2
146245,2,3
146260,2,5
146264,1,0
146267,3,0
146275,1,1
146310,0,0
146318,2,2
146319,2,3
146325,0,2
146338,1,1
146347,2,1
146353,0,0
146359,0,0
146368,2,0
146372,2,3
146378,2,2
146389,3,4
146396,2,5
146400,2,1
146407,2,0
146413,1,1
146414,2,3
146415,2,1
146416,1,4
146417,2,2
146422,2,2
146439,1,1
146466,2,1
146479,2,2
146488,0,0
146494,2,1
146552,2,1
146561,3,5
146568,0,0
146595,3,2
146600,0,0
146605,1,1
146607,1,0
146616,0,0
146634,2,0
146635,0,0
146639,2,5
146661,2,1
146662,3,1
146666,2,3
146683,2,1
146688,2,2
146694,0,0
146695,2,1
146713,0,1
146724,2,1
146740,2,0
146746,2,1
146749,4,3
146772,3,1
146782,2,3
146788,2,3
146799,0,0
146806,2,3
146810,1,0
146816,2,1
146819,2,0
146857,2,2
146860,2,0
146865,2,2
146868,0,0
146876,2,2
146883,2,0
146899,2,5
146901,3,4
146916,1,1
146926,1,1
146945,3,4
146955,0,1
147000,2,0
147004,2,1
147015,2,3
147017,2,0
147022,2,0
147023,2,2
147034,2,2
147040,1,1
147044,2,2
147049,2,2
147066,1,2
147068,2,2
147088,1,0
147099,1,1
147101,2,1
147111,2,1
147112,2,2
147122,2,0
147134,2,1
147138,0,2
147139,2,1
147143,2,1
147144,2,0
147155,0,0
147160,2,1
147180,3,4
147188,1,0
147213,2,5
147223,2,2
147231,3,4
147232,0,0
147238,2,1
147278,2,5
147284,2,1
147290,3,4
147291,2,2
147297,3,2
147299,2,3
147309,3,4
147330,2,5
147335,2,2
147353,2,2
147361,1,0
147366,3,4
147372,2,1
147377,2,1
147380,0,0
147413,2,1
147421,2,0
147430,2,3
147433,0,1
147434,2,2
147436,1,1
147448,1,0
147449,2,0
147462,2,1
147466,2,2
147470,2,5
147471,1,1
147478,3,1
147506,2,1
147508,1,2
147518,1,0
147532,2,2
147539,2,1
147544,2,2
147547,1,2
147550,2,1
147555,2,5
147563,2,1
147569,2,2
147572,2,2
147574,1,0
147591,2,0
147595,2,2
147615,2,5
147626,2,1
147641,3,1
147643,0,0
147648,1,1
147654,0,0
147689,2,2
147717,2,1
147719,1,1
147724,0,1
147743,2,5
147752,0,1
147773,2,1
147776,0,0
147777,1,0
147786,2,0
147792,2,2
147802,2,5
147821,2,2
147823,2,2
147837,2,1
147853,2,2
147854,1,2
147874,2,5
147898,2,5
147901,2,1
147903,2,1
147910,2,2
147913,2,1
147919,2,3
147920,2,0
147931,1,1
147945,2,1
147959,0,0
147984,2,2
147988,0,0
147995,0,0
148002,2,1
148014,2,5
148016,2,1
148043,2,0
148056,2,5
148061,2,1
148062,0,1
148064,2,2
148074,2,3
148107,1,1
148122,1,0
148123,0,0
148126,0,0
148129,0,0
148135,2,1
148136,1,2
148153,3,4
148180,2,5
148198,2,3
