90001,4,3
90017,0,1
90028,1,0
90032,0,0
90035,2,2
90051,0,0
90070,0,0
90078,2,0
90079,3,2
90083,2,0
90087,4,3
90089,2,1
90091,0,1
90092,3,0
90093,2,1
90113,0,1
90116,0,0
90132,1,1
90142,0,0
90144,2,1
90149,0,1
90154,1,0
90155,1,0
90162,3,0
90171,0,1
90174,2,1
90175,0,0
90192,0,0
90204,0,2
90206,4,0
90209,3,1
90212,0,0
90213,1,0
90219,0,0
90223,0,1
90224,2,1
90230,0,0
90236,0,0
90247,2,0
90252,0,0
90254,2,1
90256,2,0
90258,3,1
90260,2,1
90275,0,0
90279,1,1
90280,0,0
90290,1,1
90294,3,4
90299,3,1
90320,3,1
90322,1,2
90329,3,1
90335,2,2
90350,0,0
90352,2,1
90359,1,0
90368,0,0
90386,0,1
90388,2,0
90401,1,1
90403,1,1
90407,0,0
90410,0,0
90416,0,0
90417,0,0
90423,1,0
90432,4,3
90436,0,0
90444,2,1
90450,0,0
90468,4,1
90470,1,1
90472,0,0
90486,0,0
90487,2,2
90498,2,1
90503,2,2
90515,4,3
90516,0,0
90525,1,0
90538,1,0
90548,0,1
90549,3,2
90560,0,0
90561,1,0
90573,1,0
90576,0,1
90580,3,1
90581,1,0
90583,2,1
90587,2,2
90593,2,0
90595,0,0
90600,2,1
90605,3,1
90611,0,0
90613,0,0
90619,1,0
90622,0,0
90623,1,1
90626,0,0
90627,0,0
90646,4,3
90652,0,1
90657,4,3
90673,0,0
90681,1,2
90682,3,2
90686,0,0
90696,2,1
90697,2,1
90703,2,2
90707,3,2
90721,0,0
90723,2,1
90725,0,0
90729,1,1
90738,1,1
90739,1,1
90748,4,3
90756,1,0
90766,0,0
90767,0,0
90774,0,0
90785,0,0
90788,2,2
90789,2,1
90812,2,1
90816,0,0
90820,0,0
90826,2,1
90833,2,1
90845,0,2
90857,0,0
90861,1,1
90864,4,1
90873,0,0
90879,1,2
90882,4,2
90886,0,0
90897,4,3
90901,1,0
90902,0,0
90911,0,0
90914,3,2
90931,0,0
90934,3,1
90939,3,1
90946,0,0
90954,3,1
90958,4,3
90969,2,1
90977,2,1
90987,2,1
90995,0,0
90998,1,2
91003,4,1
91020,0,0
91043,0,1
91050,2,1
91060,3,1
91062,0,0
91071,0,0
91076,2,0
91079,0,0
91080,1,0
91050,2,1
91060,3,1
91062,0,0
91071,0,0
91076,2,0
91079,0,0
91080,1,0
91082,0,0
91083,2,1
91099,0,0
91114,1,1
91136,2,0
91138,1,1
91139,3,1
91143,1,2
91164,1,2
91170,0,0
91171,0,0
91172,1,0
91173,1,2
91185,2,1
91189,3,1
91192,0,0
91199,0,0
91204,0,1
91210,4,3
91217,4,3
91218,2,1
91222,0,0
91223,4,3
91226,0,0
91228,0,1
91236,0,0
91245,2,2
91261,4,3
91267,3,0
91270,4,3
91275,0,0
91276,0,0
91278,4,2
91288,0,1
91293,0,0
91294,2,1
91295,0,0
91297,0,1
91305,0,0
91314,3,1
91316,1,0
91317,3,0
91329,2,1
91338,4,3
91342,2,3
91345,4,2
91358,0,1
91361,1,1
91377,1,2
91380,0,0
91386,0,0
91387,0,0
91391,2,0
91399,0,0
91417,1,0
91418,1,1
91421,1,0
91432,0,1
91436,4,3
91438,2,0
91439,2,1
91450,1,1
91459,2,1
91461,0,0
91467,0,0
91473,0,0
91475,0,0
91478,2,1
91480,1,0
91487,0,0
91489,0,0
91501,0,0
91512,0,0
91513,4,3
91516,2,1
91519,0,0
91527,0,1
91533,2,1
91549,2,1
91559,1,1
91562,2,1
91565,2,1
91569,0,0
91577,0,0
91600,1,2
91607,3,1
91621,2,0
91630,2,1
91631,0,0
91632,0,0
91636,0,0
91640,2,1
91641,0,1
91647,2,1
91648,0,0
91653,0,0
91654,2,1
91673,1,1
91677,2,1
91680,4,3
91682,2,1
91688,3,2
91690,0,0
91705,2,1
91706,0,0
91710,0,0
91711,2,0
91717,2,1
91722,1,0
91740,3,1
91744,1,0
91745,0,0
91748,0,1
91749,1,0
91761,0,1
91762,2,1
91772,2,1
91774,0,0
91791,0,0
91793,4,3
91800,1,0
91803,0,1
91804,0,0
91806,0,0
91825,0,0
91830,0,0
91833,0,1
91835,4,3
91852,1,1
91854,0,0
91867,0,0
91872,0,0
91883,0,0
91884,2,1
91890,3,0
91897,3,2
91908,2,0
91909,3,1
91910,0,0
91913,0,0
91914,2,1
91921,0,0
91922,2,0
91925,2,1
91926,0,0
91927,2,1
91941,1,2
91945,1,1
91946,3,1
91947,0,0
91950,0,0
91957,1,1
91971,0,1
91972,4,1
91973,0,0
91974,0,1
91975,0,0
91984,0,0
91991,0,0
92001,0,0
92002,0,0
92024,3,4
92032,0,0
92039,2,1
92050,0,0
92053,2,1
92071,2,1
92095,2,0
92101,4,1
92102,1,1
92111,3,1
92122,0,0
92136,2,1
92138,0,0
92145,0,0
92147,1,1
92156,3,1
92160,2,0
92167,0,1
92168,3,0
92174,2,1
92176,0,0
92178,0,0
92183,0,1
92188,2,2
92196,0,0
92197,0,0
92207,4,3
92217,1,0
92225,1,0
92235,4,2
92237,3,2
92248,0,1
92259,0,1
92263,0,0
92265,1,2
92267,0,0
92272,3,1
92273,0,1
92284,1,0
92285,4,3
92291,2,2
92298,0,0
92303,3,2
92306,3,1
92309,4,2
92314,1,1
92317,1,2
92329,0,0
92330,5,2
92331,4,3
92332,4,3
92336,1,0
92347,4,1
92349,2,1
92351,0,1
92355,0,0
92356,2,0
92368,4,3
92370,1,1
92376,0,0
92379,2,2
92380,2,2
92388,1,0
92389,1,1
92400,0,1
92402,0,0
92403,0,0
92406,0,0
92409,1,0
92414,4,1
92420,0,0
92421,1,2
92433,0,0
92439,0,0
92441,1,0
92450,1,0
92452,4,1
92459,0,0
92460,2,1
92466,0,0
92470,0,0
92475,0,0
92476,1,1
92480,1,1
92491,0,0
92505,2,1
92506,2,0
92525,0,1
92531,0,0
92533,2,1
92549,0,0
92557,1,1
92558,1,1
92562,1,0
92569,0,0
92588,2,0
92592,2,1
92595,4,3
92598,0,0
92605,0,0
92611,1,0
92616,2,0
92625,1,1
92626,2,0
92641,3,1
92645,0,0
92654,2,1
92666,0,0
92668,1,1
92673,1,1
92693,0,0
92704,0,1
92709,0,0
92713,0,0
92733,0,0
92735,0,1
92745,0,0
92746,2,0
92749,0,0
92751,4,3
92765,2,1
92776,0,0
92797,3,0
92805,3,1
92811,4,3
92825,4,3
92829,0,0
92839,2,1
92845,0,1
92847,2,0
92851,2,1
92859,5,2
92860,2,1
92865,1,1
92884,3,1
92899,2,1
92901,0,0
92902,2,1
92906,0,0
92911,1,1
92916,3,1
92920,2,0
92926,0,1
92939,1,2
92940,0,0
92944,0,1
92952,1,0
92956,4,0
92958,4,3
92968,2,1
92974,0,0
93001,2,0
93002,2,0
93011,3,1
93013,0,0
93019,2,1
93021,1,1
93040,3,1
93055,0,0
93058,4,3
93059,1,2
93067,2,1
93077,2,1
93079,2,1
93082,0,0
93085,2,1
93094,1,1
93102,1,0
93103,2,1
93108,2,0
93120,4,1
93131,1,1
93137,1,1
93148,1,1
93159,0,0
93174,1,0
93177,0,0
93186,2,2
93203,2,1
93206,0,0
93213,2,2
93214,0,0
93219,0,0
93228,2,2
93231,1,0
93236,0,0
93243,0,0
93250,4,3
93251,1,1
93256,5,2
93269,3,2
93279,2,1
93282,0,0
93287,0,0
93297,2,0
93299,1,1
93305,2,1
93307,2,1
93314,0,0
93317,1,0
93318,0,0
93320,3,0
93323,1,0
93326,2,1
93341,2,1
93342,1,1
93355,2,2
93369,0,0
93384,4,3
93394,0,0
93396,1,0
93408,0,0
93420,0,0
93426,3,1
93443,2,0
93452,0,0
93456,0,1
93468,0,0
93470,1,1
93474,2,1
93476,0,0
93482,1,1
93484,2,1
93485,0,0
93495,0,0
93514,2,2
93531,0,1
93537,2,1
93538,0,0
93556,3,0
93557,3,2
93573,2,1
93579,2,1
93589,2,2
93593,2,1
93596,0,0
93600,2,2
93610,4,3
93616,0,0
93626,2,2
93631,0,0
93633,1,2
93637,2,1
93638,2,0
93641,0,0
93657,4,3
93661,0,0
93662,1,0
93667,2,2
93669,4,1
93671,2,0
93672,4,1
93678,0,1
93679,2,2
93682,3,1
93685,2,0
93686,0,0
93689,1,2
93690,1,0
93693,2,0
93698,0,0
93706,0,0
93707,2,1
93710,1,1
93715,0,0
93721,4,3
93722,2,1
93729,1,0
93739,2,1
93749,0,0
93758,3,0
93761,0,0
93764,0,0
93774,3,1
93784,1,0
93791,3,1
93794,3,2
93795,3,1
93802,0,0
93813,2,1
93817,1,0
93833,0,0
93834,0,0
93840,2,0
93851,0,0
93858,4,3
93868,0,1
93871,0,0
93877,3,1
93886,0,0
93895,2,1
93903,1,0
93908,0,0
93914,0,0
93920,2,1
93925,2,0
93926,2,1
93927,0,0
93942,1,2
93951,2,2
93953,0,0
93955,4,3
93960,2,1
93963,2,1
93968,1,2
93971,0,0
93978,1,2
93980,0,0
93987,2,0
93991,2,1
93999,0,0
94002,2,1
94009,4,1
94012,0,0
94024,4,2
94028,0,0
94042,3,1
94044,2,1
94048,3,1
94053,1,2
94060,1,0
94062,4,3
94088,2,1
94089,4,1
94091,0,1
94095,0,0
94099,1,0
94105,0,0
94118,3,1
94122,0,0
94130,0,1
94140,0,0
94148,0,0
94157,0,1
94158,0,0
94161,0,0
94163,0,0
94186,0,1
94201,2,2
94212,1,0
94218,2,2
94233,0,0
94238,0,0
94239,3,0
94250,0,1
94257,2,0
94261,4,2
94273,1,0
94293,1,1
94301,0,1
94324,0,0
94325,2,1
94332,3,1
94364,0,0
94368,1,2
94381,2,1
94394,2,0
94402,3,0
94413,4,1
94414,4,3
94428,2,1
94452,2,1
94457,2,2
94462,2,2
94464,0,0
94468,1,1
94477,0,0
94486,4,1
94490,1,2
94491,0,0
94498,0,0
94514,2,1
94522,0,0
94526,2,2
94540,2,1
94561,0,0
94585,2,1
94586,3,1
94587,0,0
94588,0,0
94604,0,1
94619,0,1
94622,0,0
94627,3,0
94641,1,0
94646,3,0
94647,0,0
94648,0,0
94652,0,1
94689,3,1
94695,0,0
94699,0,0
94702,0,1
94704,1,1
94708,1,2
94714,0,0
94721,2,0
94725,0,1
94735,0,1
94739,0,0
94741,4,3
94742,2,2
94755,0,0
94756,0,0
94761,4,3
94769,1,1
94770,0,0
94771,2,1
94773,3,0
94782,2,1
94786,2,2
94830,1,3
94831,5,2
94832,4,2
94833,0,0
94834,1,1
94836,2,1
94842,0,0
94843,0,0
94847,2,1
94849,0,0
94864,3,1
94875,2,1
94881,0,0
94883,2,2
94887,1,0
94893,1,0
94903,3,2
94912,3,4
94914,1,2
94936,3,1
94946,3,2
94952,0,0
94957,2,1
94960,2,0
94986,2,0
94988,1,1
94991,0,1
94997,0,0
95001,1,1
95008,0,0
95010,0,0
95011,2,0
95016,0,0
95026,0,0
95041,2,0
95061,2,0
95063,0,0
95080,2,1
95085,1,1
95094,0,0
95099,0,0
95104,1,0
95111,0,1
95112,1,1
95119,1,2
95121,1,1
95137,0,0
95142,0,1
95144,2,2
95161,0,0
95219,0,0
95224,2,1
95227,1,0
95233,2,2
95241,0,0
95244,0,0
95246,3,2
95252,0,0
95269,0,0
95271,2,1
95273,4,3
95277,0,0
95282,1,1
95284,2,1
95286,2,0
95288,2,0
95320,0,0
95335,0,1
95336,0,0
95349,0,1
95356,2,0
95358,1,0
95359,0,0
95389,4,3
95403,3,1
95410,0,0
95413,0,0
95431,2,2
95437,1,0
95443,0,0
95447,2,1
95451,0,0
95470,2,1
95484,2,1
95487,0,0
95504,0,0
95512,0,0
95519,2,1
95529,2,0
95536,4,3
95542,1,0
95552,1,1
95556,0,0
95563,0,0
95567,0,0
95576,5,2
95585,0,0
95611,1,0
95614,4,3
95615,2,1
95616,0,0
95628,0,2
95645,2,1
95648,3,1
95672,2,1
95674,0,1
95678,1,1
95681,1,1
95696,2,2
95697,4,3
95703,1,2
95717,2,2
95718,0,0
95735,0,0
95744,3,0
95756,0,1
95760,0,1
95766,0,1
95769,1,1
95777,4,3
95785,4,3
95793,1,1
95816,1,0
95820,0,0
95827,0,1
95828,2,1
95852,0,0
95859,0,0
95870,2,1
95872,0,0
95889,0,0
95891,0,1
95904,2,1
95918,1,1
95919,2,1
95921,2,1
95922,2,1
95945,0,0
95959,1,1
95963,2,1
95977,0,0
95987,1,1
95994,3,1
96001,1,0
96002,1,0
96006,4,3
96027,2,1
96035,2,1
96047,2,1
96053,0,1
96059,0,1
96062,4,3
96078,1,0
96088,0,0
96109,1,1
96112,0,2
96113,0,0
96120,0,0
96122,2,1
96125,1,0
96128,1,0
96156,1,1
96160,0,0
96167,4,3
96221,4,3
96243,5,1
96260,4,3
96264,4,3
96274,4,3
96275,2,3
96277,1,0
96278,4,3
96283,0,0
96285,0,0
96298,2,3
96304,4,3
96312,0,0
96314,1,1
96317,2,2
96332,0,0
96354,0,1
96367,1,1
96381,1,0
96383,2,2
96393,3,3
96394,3,1
96396,0,0
96400,2,1
96404,3,1
96411,1,0
96413,2,1
96422,1,0
96437,2,0
96438,0,0
96441,0,1
96447,2,0
96451,2,1
96455,3,1
96465,2,1
96467,0,0
96470,0,0
96479,0,0
96489,1,1
96491,3,2
96492,1,0
96493,0,0
96495,4,3
96496,3,1
96507,0,1
96515,1,1
96531,3,0
96553,2,1
96554,4,3
96566,2,1
96573,2,1
96584,0,0
96588,0,0
96596,2,1
96607,2,2
96611,4,3
96616,2,0
96624,0,0
96649,0,0
96651,1,0
96653,2,1
96661,2,0
96662,1,0
96670,4,3
96674,3,1
96675,1,1
96683,2,1
96698,1,0
96701,2,1
96716,1,1
96727,2,3
96735,0,0
96763,2,1
96766,2,1
96779,2,2
96783,0,0
96793,3,1
96794,3,2
96801,1,1
96806,0,0
96809,1,2
96816,1,1
96819,4,2
96821,0,0
96831,1,0
96834,2,1
96844,1,1
96866,0,0
96870,0,1
96877,1,3
96888,2,2
96890,3,1
96892,0,0
96898,3,1
96901,1,1
96904,1,0
96907,0,2
96912,0,1
96915,0,0
96927,0,0
96935,2,1
96939,3,0
96942,3,2
96951,4,3
96963,2,1
96969,3,0
96991,0,0
96997,0,0
97002,0,0
97004,2,1
97005,0,0
97006,2,2
97007,0,0
97022,3,1
97023,4,2
97033,2,2
97074,4,3
97076,2,1
97078,0,0
97082,1,0
97086,0,0
97091,0,1
97096,4,2
97098,0,0
97099,1,0
97102,3,1
97108,3,2
97112,0,0
97128,1,2
97136,2,1
97137,0,0
97141,0,0
97151,1,1
97160,0,0
97162,0,1
97168,0,0
97172,2,2
97176,0,0
97192,2,0
97201,3,1
97216,3,1
97227,2,1
97231,1,0
97234,4,1
97237,0,0
97243,3,1
97248,2,1
97255,2,0
97258,1,0
97260,0,0
97271,2,1
97276,3,1
97316,2,2
97322,1,0
97337,3,0
97343,0,1
97346,0,0
97357,4,3
97368,1,1
97371,0,0
97381,0,0
97394,1,1
97400,0,0
97403,2,1
97416,4,3
97420,0,0
97425,0,1
97427,0,1
97431,0,1
97434,0,0
97449,0,0
97452,2,1
97456,0,1
97470,1,1
97481,2,2
97485,2,0
97488,0,0
97494,0,0
97497,1,1
97499,4,3
97504,0,0
97518,0,0
97569,2,1
97571,2,1
97572,0,0
97583,2,1
97592,4,3
97596,0,0
97626,2,0
97629,4,2
97631,4,0
97645,1,2
97679,1,1
97681,0,0
97683,4,3
97715,1,1
97718,2,1
97719,1,1
97723,0,0
97724,4,3
97741,3,4
97749,0,0
97762,0,1
97764,0,0
97765,0,1
97769,3,1
97792,4,1
97804,0,2
97838,0,0
97858,3,2
97860,3,1
97880,2,1
97886,2,0
97895,0,0
97899,3,1
97917,0,0
97921,4,3
97925,1,0
97926,0,0
97931,0,0
97935,4,2
97938,0,0
97947,2,1
97952,0,1
97984,2,1
97988,0,1
98004,1,2
98021,2,1
98034,0,0
98036,0,0
98055,3,4
98075,2,1
98086,0,1
98087,0,0
98088,4,0
98109,0,0
98110,2,1
98125,1,1
98161,2,1
98166,3,1
98168,2,0
98170,1,0
98202,0,1
98204,1,1
98225,5,2
98235,1,1
98236,4,3
98237,2,1
98239,0,0
98242,1,0
98243,2,1
98257,2,0
98261,3,1
98277,0,1
98286,0,0
98288,0,0
98289,2,1
98303,1,1
98320,1,1
98331,0,0
98336,1,1
98362,1,1
98382,0,1
98386,0,0
98387,1,0
98391,4,2
98396,0,0
98398,0,0
98411,1,0
98416,2,1
98426,2,2
98427,1,1
98428,0,0
98431,0,0
98447,3,1
98449,0,0
98488,2,1
98489,0,0
98499,4,2
98505,2,1
98510,4,3
98514,1,1
98516,1,0
98518,0,1
98520,0,1
98524,0,0
98526,2,1
98527,4,3
98552,1,3
98554,4,3
98558,1,2
98591,2,0
98598,0,0
98600,2,2
98605,0,0
98606,3,1
98609,1,0
98611,1,1
98619,1,0
98623,1,2
98636,0,0
98637,0,0
98648,0,0
98652,2,1
98674,0,1
98694,0,0
98705,0,0
98707,2,0
98711,0,0
98717,4,1
98724,0,0
98725,0,0
98733,2,1
98755,2,1
98768,0,1
98780,4,1
98782,2,1
98785,0,0
98793,4,2
98814,0,1
98819,0,0
98828,1,0
98846,3,2
98854,2,2
98867,2,1
98881,1,1
98896,0,0
98911,0,0
98914,2,1
98932,0,0
98935,4,1
98942,0,0
98944,0,3
98945,2,0
98946,0,0
98947,1,1
98958,2,1
98961,0,1
98969,2,2
98970,1,1
98974,1,1
98987,4,2
98993,0,1
98994,0,0
98998,1,0
99001,2,1
99015,4,3
99030,3,1
99039,0,0
99053,1,1
99062,2,0
99072,2,1
99074,1,0
99083,2,1
99088,2,1
99090,1,1
99100,0,1
99103,0,0
99112,2,1
99117,2,1
99126,0,0
99135,0,0
99137,0,0
99143,0,0
99159,0,0
99169,4,3
99187,0,0
99192,1,1
99195,1,2
99198,1,1
99204,2,1
99205,0,0
99219,2,0
99230,0,0
99237,0,0
99249,0,0
99259,1,1
99265,2,1
99266,2,1
99277,0,0
99278,1,1
99285,0,0
99305,1,2
99307,3,2
99326,1,0
99332,3,2
99335,2,1
99349,1,1
99352,0,0
99354,2,0
99367,2,0
99369,1,1
99382,0,0
99401,0,0
99421,0,1
99422,1,2
99432,1,1
99437,3,0
99438,1,0
99446,0,0
99451,0,0
99459,2,2
99464,0,0
99465,1,0
99467,1,0
99473,2,2
99486,2,1
99501,3,0
99532,3,1
99536,2,0
99538,2,0
99542,0,1
99546,3,2
99549,0,0
99552,0,0
99556,2,0
99560,0,0
99572,0,0
99593,2,1
99594,0,1
99607,0,0
99609,3,2
99615,0,0
99620,2,1
99624,2,2
99633,3,1
99635,0,0
99647,2,1
99649,2,1
99652,0,0
99658,2,1
99663,2,2
99692,1,1
99696,3,2
99706,3,1
99707,1,0
99719,4,2
99723,2,1
99738,4,2
99740,1,2
99750,1,1
99755,2,1
99761,2,2
99764,4,3
99768,0,0
99790,1,1
99795,1,2
99796,4,3
99808,1,1
99815,0,0
99821,0,0
99832,1,0
99845,2,1
99851,1,1
99862,1,0
99865,0,0
99873,2,0
99877,1,0
99879,2,1
99884,2,1
99887,0,0
99891,2,1
99897,0,0
99905,2,1
99911,3,2
99915,2,0
99920,0,0
99923,1,2
99931,1,0
99934,3,2
99941,3,0
99943,0,1
99948,2,1
99950,0,0
99951,2,0
99957,1,1
99958,2,1
99965,2,2
99968,1,0
99980,1,1
99984,0,1
99987,0,0
100026,2,1
100033,3,3
100048,5,2
100052,2,0
100068,0,0
100070,5,2
100087,2,2
100088,3,0
100090,0,0
100094,2,3
100095,4,3
100109,2,0
100116,2,1
100120,2,1
100123,0,0
100137,0,0
100140,0,0
100158,0,0
100161,4,3
100175,2,1
100181,2,1
100182,4,1
100188,0,0
100196,4,1
100212,2,1
100213,1,2
100239,2,1
100257,0,0
100263,3,0
100274,1,0
100278,0,0
100281,0,1
100290,5,2
100295,2,1
100296,1,0
100297,3,0
100303,2,1
100305,1,2
100336,4,1
100342,0,1
100357,1,1
100369,0,0
100372,0,0
100373,2,1
100376,3,1
100384,0,1
100390,1,2
100399,3,1
100401,2,1
100406,0,0
100417,1,1
100423,1,1
100443,0,0
100458,1,0
100462,0,1
100480,0,0
100482,0,1
100484,4,3
100493,0,0
100495,1,0
100504,3,1
100507,1,2
100508,2,2
100519,1,1
100527,0,0
100528,1,2
100533,0,0
100541,3,1
100543,3,1
100545,2,2
100552,5,2
100568,5,4
100587,2,1
100595,3,2
100596,0,0
100599,2,1
100602,1,0
100603,4,2
100609,0,0
100612,2,2
100620,4,3
100624,2,1
100627,1,0
100635,2,2
100639,1,1
100642,2,1
100652,0,0
100655,2,2
100656,2,1
100662,1,1
100664,1,0
100669,4,3
100671,0,0
100672,2,1
100678,0,0
100680,2,2
100688,1,1
100690,3,1
100692,2,1
100701,1,1
100705,0,0
100709,2,0
100714,0,0
100721,0,0
100733,2,0
100738,4,2
100741,0,0
100742,1,0
100747,0,0
100765,2,1
100769,1,1
100772,3,0
100773,2,1
100776,0,0
100779,4,1
100786,1,1
100798,2,0
100803,2,1
100811,2,0
100814,1,0
100815,2,1
100820,2,1
100827,1,0
100829,2,1
100830,0,0
100840,0,1
100848,0,0
100857,0,0
100858,1,1
100867,0,1
100877,0,0
100884,2,2
100888,2,0
100889,2,1
100890,0,0
100891,4,2
100909,0,2
100919,2,1
100922,0,0
100925,3,1
100928,0,1
100934,0,0
100935,0,0
100943,2,1
100959,2,0
100961,2,1
100962,2,1
100966,2,1
100970,2,2
100975,2,2
100978,2,2
100998,1,1
100999,2,1
101002,4,0
101005,5,2
101015,0,0
101023,2,0
101026,2,0
101033,2,1
101034,0,1
101036,3,3
101043,1,1
101050,5,2
101055,3,1
101058,4,0
101077,2,2
101084,4,3
101088,0,1
101090,4,3
101111,2,1
101114,3,2
101120,1,0
101134,0,0
101137,0,0
101142,2,2
101149,0,1
101151,4,0
101156,0,0
101169,3,1
101176,4,1
101177,4,3
101192,0,0
101196,0,0
101209,1,0
101221,1,1
101224,1,0
101229,1,2
101231,0,1
101241,2,1
101250,2,0
101255,0,0
101256,4,2
101259,3,1
101263,1,1
101268,0,1
101269,0,0
101270,2,0
101271,0,0
101272,2,0
101273,4,0
101283,2,0
101287,3,2
101290,1,0
101309,0,0
101316,0,0
101318,1,1
101321,0,0
101323,0,0
101324,3,1
101325,1,1
101327,3,1
101328,2,1
101337,2,1
101351,2,1
101355,5,2
101356,2,2
101359,4,3
101371,0,0
101381,1,0
101382,0,0
101390,1,0
101402,2,2
101423,0,0
101425,0,1
101443,2,1
101447,2,1
101451,3,0
101463,5,2
101465,0,0
101470,2,1
101474,2,0
101477,0,0
101479,2,1
101481,3,1
101490,4,3
101510,2,0
101511,2,1
101513,1,2
101521,1,1
101534,1,2
101540,2,1
101542,4,3
101548,0,0
101549,1,0
101557,1,1
101558,0,1
101568,0,0
101573,0,0
101574,0,0
101585,3,1
101587,0,0
101588,0,0
101593,1,2
101595,2,0
101607,2,0
101618,4,3
101626,2,1
101627,1,0
101630,3,0
101637,0,0
101640,0,0
101649,3,0
101658,3,2
101659,0,0
101660,3,1
101667,4,2
101674,0,0
101675,0,0
101686,1,0
101687,0,0
101743,1,1
101763,0,1
101765,0,0
101766,3,2
101782,4,3
101783,3,1
101784,3,1
101787,0,0
101790,1,2
101792,2,1
101794,1,0
101798,2,2
101807,0,0
101819,1,2
101842,2,2
101846,0,0
101849,1,1
101854,0,0
101857,3,1
101865,2,1
101870,0,0
101874,3,2
101891,2,0
101902,0,1
101905,0,2
101913,0,0
101914,2,0
101919,0,0
101925,0,0
101926,2,0
101933,0,3
101937,0,0
101941,3,2
101957,2,1
101968,2,1
101970,3,2
101971,1,2
101991,0,1
101995,0,0
101997,1,0
101999,2,1
102001,3,0
102004,0,1
102007,3,0
102012,2,1
102013,2,0
102032,2,1
102034,0,0
102041,3,1
102047,0,0
102056,3,2
102058,2,1
102074,0,0
102078,0,1
102086,0,0
102111,0,0
102114,2,1
102117,2,1
102123,2,0
102137,2,1
102140,0,1
102143,2,2
102144,0,1
102145,0,0
102146,0,0
102153,0,0
102156,1,1
102181,3,2
102186,0,0
102192,0,0
102195,0,1
102196,0,0
102202,3,1
102204,0,0
102209,4,2
102214,0,0
102215,0,0
102216,0,0
102219,2,1
102233,1,1
102234,2,2
102249,1,0
102256,1,1
102259,0,0
102260,0,0
102264,0,2
102283,0,0
102285,2,1
102286,0,0
102288,3,1
102294,2,0
102295,0,1
102307,0,0
102321,2,0
102332,3,1
102334,2,1
102337,0,0
102346,2,2
102348,0,0
102369,3,1
102376,1,2
102379,1,0
102381,2,0
102394,4,3
102403,4,3
102409,1,1
102415,0,0
102424,2,1
102425,2,0
102430,1,1
102435,2,0
102436,1,0
102439,2,1
102442,0,0
102457,0,0
102477,0,0
102494,1,0
102495,0,0
102496,0,0
102509,3,1
102520,4,1
102533,0,0
102540,2,1
102545,2,2
102551,2,1
102559,0,0
102563,2,1
102580,2,1
102590,5,2
102601,2,2
102610,0,0
102623,0,0
102634,0,0
102638,0,0
102639,2,2
102641,3,1
102650,2,2
102654,0,0
102679,1,1
102689,0,0
102694,1,1
102696,0,0
102698,2,1
102704,0,0
102705,3,0
102709,3,0
102719,2,1
102722,0,0
102727,2,1
102742,0,0
102745,1,2
102748,2,1
102750,0,0
102753,2,1
102754,2,1
102755,2,1
102759,4,1
102760,1,1
102767,2,2
102771,2,1
102786,0,0
102797,1,1
102806,1,1
102807,0,0
102822,1,1
102826,2,0
102835,2,0
102839,3,1
102843,3,1
102844,0,0
102852,1,1
102853,1,1
102864,2,1
102881,0,1
102882,1,2
102884,4,1
102885,2,1
102895,3,1
102897,1,1
102900,4,3
102905,4,2
102914,1,2
102916,2,0
102930,0,0
102932,0,0
102940,2,2
102948,4,3
102950,1,0
102956,3,1
102974,2,2
102991,0,2
103003,1,0
103012,0,0
103018,0,0
103020,3,0
103021,0,0
103023,3,1
103032,3,2
103036,1,1
103038,2,0
103059,2,0
103069,0,0
103080,2,2
103096,4,3
103101,3,2
103106,2,2
103110,3,1
103111,1,1
103122,1,1
103127,0,0
103128,0,0
103131,0,0
103132,0,0
103133,0,0
103135,2,1
103141,0,0
103142,4,3
103148,0,0
103169,2,1
103173,4,3
103178,0,1
103184,2,0
103197,0,0
103201,2,1
103204,0,0
103207,3,1
103209,0,0
103210,0,2
103212,2,0
103215,3,1
103227,2,0
103231,3,1
103244,2,1
103246,3,1
103250,2,2
103255,3,2
103258,2,0
103261,1,1
103262,0,0
103269,3,2
103287,3,1
103305,2,2
103307,2,1
103319,1,2
103320,0,0
103327,0,0
103333,2,1
103345,1,2
103348,0,0
103349,5,2
103352,2,1
103361,3,2
103368,0,0
103375,2,0
103386,4,2
103392,3,1
103401,2,1
103404,4,3
103406,0,0
103412,0,0
103418,0,0
103421,2,1
103432,4,1
103438,1,1
103440,3,1
103441,0,0
103450,4,1
103461,2,0
103471,1,0
103472,1,1
103474,0,0
103481,2,1
103482,4,1
103495,0,0
103517,4,2
103522,2,1
103526,0,0
103538,0,0
103545,0,0
103546,0,0
103555,2,0
103556,1,2
103562,2,1
103580,0,0
103581,0,1
103588,2,1
103590,0,0
103591,0,0
103602,0,0
103604,2,1
103608,0,0
103620,1,1
103628,2,1
103634,1,1
103636,0,0
103661,2,1
103665,3,1
103669,0,1
103671,2,1
103672,0,0
103675,1,1
103679,1,1
103681,2,1
103683,1,1
103697,2,1
103706,4,1
103718,1,1
103727,2,1
103729,0,0
103733,0,0
103738,2,1
103745,3,2
103752,1,0
103753,0,0
103758,0,0
103761,0,0
103773,1,0
103774,3,1
103775,0,1
103776,0,1
103778,2,1
103780,0,0
103781,0,0
103788,2,1
103789,0,0
103790,2,1
103791,0,0
103792,2,1
103802,2,1
103807,2,1
103811,2,0
103824,3,2
103826,2,3
103834,0,0
103844,3,2
103848,4,1
103860,0,1
103876,2,1
103877,0,0
103878,0,0
103885,0,1
103893,0,0
103894,0,0
103905,0,0
103920,0,0
103928,2,1
103932,1,1
103941,0,0
103945,0,1
103946,1,1
103948,2,1
103953,2,2
103956,2,1
103964,0,0
103966,2,1
103969,2,2
103973,2,0
103976,0,0
103978,0,0
103982,1,0
103983,2,1
103988,2,1
103999,1,0
104002,2,1
104015,0,0
104017,3,1
104029,0,0
104042,2,1
104048,2,1
104050,2,1
104056,2,1
104081,0,0
104087,5,2
104095,4,2
104101,3,1
104102,2,2
104103,0,0
104130,3,1
104134,2,1
104144,2,1
104150,3,1
104157,1,0
104161,0,0
104165,4,2
104177,3,2
104182,0,0
104183,2,0
104188,2,2
104200,1,1
104203,0,0
104208,1,1
104214,0,0
104221,1,1
104226,4,3
104237,1,1
104239,1,1
104246,0,0
104254,0,0
104263,0,0
104264,2,1
104267,4,1
104273,1,1
104284,0,0
104294,0,0
104296,2,1
104301,1,1
104305,2,1
104313,0,1
104320,2,0
104326,1,1
104333,2,0
104343,0,0
104345,2,0
104346,1,1
104349,2,0
104351,0,0
104357,0,0
104362,0,1
104372,2,1
104383,2,2
104408,0,0
104415,2,1
104420,2,2
104422,0,0
104433,1,1
104434,2,1
104445,0,0
104447,1,0
104450,0,0
104460,2,1
104461,0,0
104488,0,1
104489,3,2
104491,1,1
104496,0,1
104529,1,1
104530,0,0
104532,3,1
104533,0,0
104549,3,2
104556,0,0
104562,0,0
104563,0,0
104565,2,1
104571,2,0
104573,0,0
104588,2,2
104606,3,0
104607,2,2
104608,4,3
104610,1,1
104611,2,2
104615,2,2
104624,0,0
104625,3,2
104639,4,3
104647,2,1
104650,2,1
104654,0,0
104655,4,3
104660,4,1
104661,3,0
104672,0,1
104683,2,0
104691,0,0
104693,0,1
104696,2,1
104704,4,3
104711,1,0
104722,5,2
104723,2,1
104726,1,3
104732,2,1
104739,4,2
104757,0,2
104758,2,0
104759,4,2
104777,2,1
104782,2,1
104796,2,1
104815,2,1
104820,2,1
104822,2,1
104827,2,1
104840,2,2
104842,2,1
104848,2,1
104852,2,1
104854,2,1
104859,0,0
104861,2,2
104864,0,1
104866,3,1
104873,3,0
104891,1,0
104895,0,1
104902,1,1
104914,2,1
104934,2,1
104945,5,2
104947,1,0
104949,0,0
104956,2,2
104964,1,1
104969,0,0
104973,1,1
104983,0,0
104986,1,1
104994,1,0
105003,3,2
105013,2,2
105017,0,0
105027,0,0
105033,0,0
105037,4,2
105043,1,0
105047,3,2
105062,0,0
105082,0,1
105091,0,0
105092,0,0
105095,4,1
105098,0,2
105099,0,0
105104,4,2
105111,1,0
105112,1,1
105114,4,3
105124,0,0
105128,1,0
105131,0,0
105137,2,0
105167,4,3
105175,0,0
105178,0,1
105180,0,0
105190,3,1
105191,3,1
105193,3,1
105195,1,0
105198,1,0
105210,0,0
105223,2,2
105228,2,1
105229,3,2
105248,0,0
105268,1,1
105272,0,0
105301,2,0
105305,1,1
105310,2,1
105311,3,1
105324,4,3
105331,4,3
105334,0,0
105336,2,0
105340,0,0
105342,3,1
105343,4,3
105347,3,1
105370,2,1
105372,2,2
105374,4,1
105378,2,1
105383,1,1
105392,4,3
105400,2,0
105409,0,0
105417,0,0
105426,0,0
105441,2,1
105442,0,0
105443,0,0
105444,1,1
105447,2,1
105449,0,0
105456,2,1
105464,1,0
105468,1,1
105472,4,2
105477,1,0
105480,1,1
105481,2,2
105486,0,0
105491,3,1
105493,1,1
105499,4,1
105512,0,0
105528,2,0
105530,2,1
105532,2,1
105541,0,0
105551,1,1
105556,0,0
105557,1,1
105563,0,1
105569,0,0
105572,1,0
105578,4,0
105588,0,0
105593,0,0
105599,2,2
105604,0,1
105609,2,1
105617,3,1
105618,0,0
105619,0,0
105625,0,0
105627,2,1
105631,0,1
105635,2,2
105636,3,2
105645,1,0
105646,0,0
105666,2,3
105667,2,1
105683,2,2
105684,3,2
105692,0,0
105703,0,0
105706,4,0
105716,2,1
105718,4,1
105724,1,0
105729,1,1
105730,4,3
105732,1,3
105737,1,0
105738,0,0
105739,2,2
105744,0,1
105745,0,0
105746,2,1
105781,2,1
105792,4,3
105809,0,0
105820,1,0
105828,0,0
105830,2,3
105838,1,0
105857,0,0
105865,0,0
105866,1,0
105874,3,0
105875,0,0
105878,1,1
105890,0,0
105893,4,2
105895,0,0
105900,4,3
105901,2,2
105902,3,1
105907,0,0
105940,0,0
105944,0,0
105949,3,0
105954,0,0
105965,0,2
105966,2,0
105970,5,2
105971,2,1
106025,0,0
106027,0,0
106037,0,0
106038,4,2
106046,0,0
106055,2,1
106062,0,0
106064,0,1
106067,1,1
106070,0,0
106072,0,0
106075,3,2
106086,0,1
106095,0,0
106098,1,2
106117,0,0
106119,4,3
106121,4,3
106129,0,1
106137,0,1
106139,2,0
106146,2,1
106160,3,1
106167,2,1
106170,1,0
106179,0,1
106187,4,3
106195,0,0
106215,0,0
106225,2,1
106232,0,0
106233,2,0
106247,2,1
106251,2,1
106255,0,0
106258,0,0
106293,0,1
106312,0,1
106323,2,2
106327,1,1
106334,3,1
106347,4,3
106359,3,1
106361,2,1
106370,1,2
106377,2,1
106388,2,0
106390,2,0
106401,0,0
106402,1,1
106414,0,0
106416,1,0
106418,1,0
106419,0,0
106423,0,0
106429,4,1
106445,0,0
106457,1,1
106459,4,1
106463,0,0
106468,0,0
106475,0,0
106481,2,1
106486,0,0
106489,1,1
106493,4,3
106507,0,0
106511,2,0
106530,1,1
106532,1,1
106538,0,2
106544,2,2
106550,0,1
106575,0,0
106580,2,0
106582,1,1
106587,0,1
106589,2,1
106601,0,0
106609,1,1
106613,4,3
106617,0,0
106627,0,0
106641,1,0
106655,4,2
106657,2,2
106661,0,0
106662,4,1
106674,5,2
106690,3,2
106703,4,3
106710,0,0
106713,2,0
106715,4,1
106718,0,0
106724,1,0
106728,1,0
106733,1,1
106736,0,1
106741,2,1
106751,2,1
106752,0,0
106765,0,1
106766,0,0
106770,2,2
106774,0,0
106782,0,1
106784,2,1
106798,2,1
106800,1,1
106803,2,0
106805,2,2
106809,2,1
106810,4,3
106811,3,1
106816,2,2
106827,0,1
106836,0,0
106838,0,0
106849,0,0
106850,1,1
106867,0,1
106871,2,2
106875,0,0
106877,1,1
106883,4,3
106889,0,0
106894,0,0
106902,2,1
106903,2,1
106904,0,0
106914,0,1
106918,1,1
106923,2,1
106926,2,1
106932,0,0
106945,1,1
106955,1,2
106960,0,0
106964,0,1
106993,3,0
106994,4,3
107005,2,1
107017,4,1
107025,0,0
107028,0,0
107037,3,0
107041,0,0
107043,1,0
107050,2,0
107061,0,0
107063,0,0
107066,3,1
107067,1,1
107069,1,1
107072,1,0
107075,0,0
107095,1,1
107112,0,0
107129,2,1
107146,1,2
107148,0,2
107153,0,0
107156,0,1
107157,2,1
107159,4,0
107160,2,1
107165,1,2
107170,4,3
107173,0,0
107186,1,1
107205,1,0
107208,0,1
107216,1,1
107217,0,0
107228,2,1
107233,1,1
107245,2,1
107258,1,0
107260,2,2
107268,2,2
107276,2,1
107277,0,0
107278,5,2
107281,4,3
107293,1,2
107296,0,0
107309,0,0
107316,1,1
107336,1,1
107341,0,0
107350,0,1
107351,2,0
107356,2,1
107358,0,0
107369,2,2
107374,4,3
107375,3,1
107383,4,3
107386,2,1
107396,0,0
107431,1,1
107432,1,1
107436,1,2
107437,4,3
107446,3,1
107447,2,1
107456,5,2
107458,2,1
107466,5,2
107474,0,1
107483,1,0
107496,0,0
107503,1,1
107515,2,2
107521,0,0
107526,2,1
107534,0,0
107536,2,0
107543,2,1
107550,0,0
107554,2,1
107567,4,2
107575,0,0
107576,0,0
107577,0,0
107581,2,1
107597,0,0
107618,0,0
107619,0,0
107623,3,2
107626,1,0
107628,2,2
107631,1,1
107633,3,1
107642,2,1
107653,1,0
107656,1,1
107657,0,0
107662,0,0
107689,2,1
107704,1,1
107743,3,1
107758,2,2
107776,0,0
107778,2,1
107782,1,2
107783,1,0
107785,2,0
107787,2,0
107789,3,2
107793,0,0
107798,3,1
107800,4,0
107801,2,2
107810,2,2
107818,0,0
107829,4,1
107856,1,0
107862,2,2
107863,0,0
107864,0,0
107865,0,0
107881,1,0
107883,1,1
107887,1,2
107912,3,2
107913,0,0
107920,1,0
107942,2,2
107951,0,1
107956,2,1
107962,2,1
107963,3,1
107966,0,0
107968,1,1
107973,5,2
107986,1,0
107991,2,0
107994,1,0
108007,0,0
108012,0,0
108013,3,0
108014,0,0
108030,1,1
108037,2,1
108043,0,0
108046,0,1
108059,1,0
108061,4,2
108062,4,2
108073,0,0
108080,4,2
108086,2,1
108094,3,1
108102,1,1
108116,1,0
108117,4,3
108120,3,1
108125,1,0
108127,2,1
108130,4,2
108133,2,1
108144,0,0
108145,0,0
108152,1,1
108156,0,0
108167,1,1
108171,0,0
108180,1,1
108186,1,0
108204,2,1
108210,1,0
108217,2,2
108229,1,1
108230,0,0
108235,1,1
108240,0,0
108246,0,0
108249,4,3
108253,1,1
108256,0,0
108257,3,1
108260,3,1
108265,0,0
108278,0,0
108295,3,2
108313,0,0
108315,4,3
108318,0,0
108319,0,0
108339,0,0
108342,0,1
108366,4,1
108369,0,0
108374,3,3
108378,2,1
108385,2,1
108389,2,2
108390,2,1
108393,4,3
108397,0,2
108403,2,1
108423,3,1
108433,1,1
108435,1,1
108437,0,1
108440,0,1
108442,0,0
108449,3,1
108459,4,3
108486,0,0
108499,4,1
108536,0,1
108547,4,3
108556,0,0
108557,1,1
108561,3,1
108573,2,1
108578,0,1
108579,1,0
108592,1,0
108594,0,0
108596,4,1
108606,2,1
108612,1,1
108613,0,1
108617,1,2
108625,2,2
108639,1,1
108644,1,1
108645,4,3
108646,4,1
108648,1,0
108650,3,1
108652,1,1
108656,3,1
108670,4,2
108671,2,0
108674,4,3
108675,0,1
108712,0,0
108719,4,3
108722,2,1
108729,0,0
108735,0,1
108737,2,1
108738,1,1
108740,0,0
108742,0,0
108745,0,0
108749,3,2
108752,0,0
108753,0,1
108773,2,1
108782,0,0
108784,0,0
108785,2,2
108791,0,0
108793,3,2
108795,3,0
108823,0,0
108833,2,1
108849,0,0
108850,0,0
108851,1,1
108853,0,1
108856,0,0
108857,3,0
108876,3,2
108897,0,0
108901,1,0
108908,1,0
108912,1,1
108918,2,1
108925,0,0
108952,2,1
108962,0,0
108966,4,3
108973,0,1
108974,2,0
108975,1,1
108981,0,0
108982,0,0
108984,4,2
108989,0,0
109012,3,0
109030,1,1
109037,1,0
109059,0,0
109073,2,1
109076,2,2
109087,0,0
109088,0,0
109091,2,0
109095,0,0
109100,1,2
109108,2,1
109118,1,1
109131,0,0
109139,0,0
109156,1,1
109166,1,0
109171,0,0
109175,1,2
109179,0,0
109188,1,0
109192,0,0
109197,0,0
109205,0,0
109211,1,2
109219,2,1
109226,1,0
109229,0,1
109244,0,0
109250,0,1
109264,3,3
109268,0,0
109269,2,1
109272,1,0
109277,2,1
109281,0,0
109284,2,1
109287,0,0
109298,0,0
109305,1,2
109306,0,0
109311,2,2
109314,0,0
109330,0,0
109339,0,1
109354,2,1
109359,2,0
109360,1,0
109374,0,0
109377,1,0
109380,1,2
109384,0,0
109390,0,0
109391,4,1
109393,2,2
109399,1,1
109411,4,2
109417,0,0
109421,2,2
109425,1,1
109426,4,2
109434,3,1
109439,0,0
109442,3,1
109451,1,1
109456,4,3
109461,1,1
109464,2,1
109466,2,2
109469,2,1
109470,2,0
109472,0,1
109473,0,0
109479,1,1
109483,2,1
109486,0,0
109489,0,0
109498,2,1
109508,4,3
109514,4,1
109516,2,1
109517,0,0
109524,4,2
109534,1,1
109538,0,0
109553,2,2
109559,1,2
109589,3,1
109593,2,0
109602,1,0
109619,1,1
109620,0,1
109638,2,2
109639,3,2
109642,0,1
109649,0,1
109663,2,1
109674,5,2
109679,0,0
109683,1,2
109690,3,0
109700,3,0
109702,0,0
109704,4,2
109707,1,2
109722,1,0
109738,0,1
109745,0,0
109751,0,1
109756,0,0
109760,0,1
109786,0,0
109791,0,0
109802,1,0
109806,2,2
109811,1,0
109813,0,0
109840,2,1
109842,1,1
109858,0,0
109863,0,0
109864,0,1
109874,0,0
109894,2,1
109896,0,1
109902,0,2
109903,0,1
109924,1,0
109931,2,0
109932,1,0
109933,2,1
109934,2,1
109935,1,0
109937,1,0
109939,1,1
109940,5,2
109941,1,1
109946,2,2
109947,3,4
109949,3,1
109950,1,1
109961,3,2
109971,3,1
109974,0,0
109986,2,1
109988,2,1
109989,2,0
109997,4,1
110011,1,0
110013,1,1
110032,1,0
110038,3,1
110049,2,1
110053,0,1
110060,4,1
110070,2,1
110071,2,1
110074,3,1
110076,2,0
110077,0,0
110079,0,1
110118,1,0
110120,2,1
110130,0,0
110145,5,2
110146,0,1
110149,1,1
110160,0,0
110173,1,0
110178,0,0
110183,2,1
110184,0,2
110190,2,0
110191,2,1
110194,0,0
110205,1,1
110217,0,0
110243,0,0
110245,4,0
110251,0,0
110255,4,0
110257,0,1
110264,4,2
110276,4,0
110277,4,3
110281,3,4
110292,2,1
110295,1,1
110299,2,1
110311,2,0
110316,0,0
110322,1,1
110348,0,0
110361,3,1
110368,0,0
110374,0,0
110377,1,1
110379,0,1
110382,0,0
110404,0,1
110410,0,0
110418,0,0
110421,0,0
110426,0,0
110427,0,0
110435,4,3
110450,2,0
110454,2,1
110469,0,2
110472,0,0
110473,0,0
110489,0,1
110501,1,0
110510,5,2
110513,0,0
110514,0,0
110534,3,0
110535,2,1
110543,2,1
110567,2,1
110583,0,0
110591,4,3
110599,2,1
110603,5,1
110606,2,1
110612,0,0
110613,4,3
110616,1,1
110631,2,1
110642,0,0
110654,3,0
110666,2,0
110674,4,1
110679,0,0
110688,1,2
110691,0,0
110692,2,0
110693,1,0
110699,3,2
110709,1,1
110719,4,0
110724,1,1
110725,0,0
110726,2,1
110736,2,0
110739,0,0
110740,2,1
110753,2,1
110755,0,0
110757,2,0
110759,2,1
110763,0,0
110774,4,2
110777,0,1
110783,0,0
110794,0,0
110797,2,0
110799,0,0
110802,3,0
110802,3,0
110819,2,3
110820,0,0
110826,1,0
110834,1,0
110840,1,2
110843,4,3
110844,0,0
110846,1,0
110866,4,2
110871,2,1
110872,0,0
110873,2,1
110879,0,0
110881,2,2
110882,0,0
110894,5,2
110902,0,0
110903,2,1
110908,2,2
110922,2,0
110923,0,0
110930,4,0
110933,0,1
110934,1,0
110953,0,1
110971,1,1
110985,0,1
110993,1,0
111007,2,1
111011,4,2
111015,0,0
111023,0,0
111032,1,0
111034,3,2
111035,0,0
111036,4,3
111052,2,1
111057,1,1
111067,1,0
111088,0,0
111089,0,0
111103,3,2
111113,4,3
111122,1,1
111124,0,1
111131,2,1
111133,0,1
111137,2,0
111140,0,0
111142,0,1
111147,0,1
111149,3,1
111152,0,1
111156,2,0
111171,0,0
111172,0,1
111174,0,0
111177,1,2
111184,0,1
111187,2,1
111189,0,0
111193,4,3
111206,3,0
111209,1,1
111219,4,1
111237,0,0
111239,3,1
111245,1,1
111257,1,2
111264,0,0
111268,1,0
111273,2,0
111274,3,1
111282,0,0
111315,1,1
111323,0,1
111330,0,0
111332,1,0
111333,0,0
111336,2,1
111340,5,2
111343,0,0
111353,0,1
111358,4,1
111362,0,0
111365,1,2
111369,3,0
111371,1,0
111377,0,0
111382,2,0
111385,2,1
111398,2,1
111399,4,3
111401,0,0
111404,0,0
111406,1,1
111408,0,2
111409,0,0
111411,2,2
111414,0,1
111425,1,0
111431,1,1
111445,2,1
111446,1,2
111457,4,1
111459,0,0
111460,1,2
111466,0,0
111477,2,1
111481,2,1
111486,5,2
111498,0,0
111499,1,1
111503,0,0
111504,1,1
111507,4,3
111512,3,2
111514,2,2
111517,1,1
111518,0,0
111524,3,1
111526,1,0
111530,2,1
111535,0,0
111546,4,1
111547,0,0
111601,2,1
111605,1,0
111615,0,0
111617,1,0
111621,2,3
111622,3,0
111625,3,1
111648,3,1
111651,4,3
111658,2,1
111663,0,1
111668,0,0
111680,3,1
111695,0,0
111712,2,2
111721,4,3
111725,2,3
111731,2,1
111732,1,1
111747,1,1
111757,0,0
111772,0,0
111775,3,2
111780,1,1
111797,0,0
111801,0,0
111805,0,0
111808,0,0
111810,2,1
111814,1,1
111816,0,0
111822,0,0
111828,1,0
111833,4,2
111839,1,0
111845,0,0
111846,4,2
111850,3,1
111860,3,1
111863,3,0
111864,2,1
111867,1,0
111879,2,0
111886,0,0
111889,4,3
111903,0,0
111909,0,0
111912,0,0
111926,0,1
111930,1,1
111934,0,0
111939,1,1
111941,3,2
111956,0,1
111959,0,0
111979,2,1
111982,0,0
111988,1,0
111991,2,1
111998,1,0
112006,0,0
112007,0,0
112010,2,0
112011,2,1
112022,0,0
112028,3,3
112030,0,0
112037,2,0
112059,0,0
112071,1,2
112076,1,1
112092,4,3
112095,1,0
112096,3,2
112098,1,1
112105,0,0
112116,0,0
112121,1,1
112124,3,0
112133,0,1
112150,4,2
112151,0,0
112153,0,0
112163,1,1
112167,2,1
112174,4,1
112179,1,0
112197,0,0
112202,2,1
112203,0,0
112207,2,0
112217,1,1
112219,1,1
112230,0,1
112234,3,1
112237,4,3
112243,2,1
112248,0,0
112253,2,2
112274,1,1
112277,2,2
112281,2,2
112295,0,0
112300,2,2
112315,1,0
112317,3,1
112335,2,1
112339,0,0
112369,0,1
112370,2,1
112384,3,0
112393,0,0
112395,0,0
112418,0,0
112421,0,0
112428,1,1
112432,0,0
112446,0,0
112467,0,1
112475,0,1
112477,0,1
112483,2,2
112485,2,1
112491,2,1
112494,1,1
112495,1,1
112496,2,1
112498,4,3
112500,1,0
112506,0,0
112519,3,2
112521,0,0
112529,0,0
112531,0,1
112537,3,1
112541,2,1
112542,0,0
112548,1,1
112549,1,1
112570,0,0
112579,0,0
112586,0,0
112602,0,1
112621,3,1
112634,0,0
112635,0,0
112639,0,0
112651,2,1
112660,2,2
112662,0,0
112663,2,1
112677,2,2
112696,0,0
112701,4,1
112703,4,1
112707,2,0
112722,0,0
112726,3,1
112732,0,0
112735,0,0
112747,1,1
112753,1,0
112756,4,2
112762,4,0
112765,0,0
112782,2,1
112819,1,0
112820,0,0
112826,2,1
112830,0,0
112833,0,0
112836,4,3
112862,1,0
112864,2,1
112874,3,1
112877,0,0
112889,2,0
112907,0,0
112913,0,0
112914,0,1
112916,2,2
112945,2,1
112946,1,1
112947,4,2
112950,4,1
112954,2,0
112959,4,1
112961,0,0
112963,1,0
112965,4,1
112968,0,0
112969,2,1
112970,1,1
112971,1,0
112972,2,1
112976,4,1
112986,2,2
112988,0,0
112993,1,1
113000,2,1
113006,3,0
113011,1,2
113026,2,0
113030,0,0
113031,0,0
113033,5,2
113041,0,1
113045,1,0
113053,3,2
113059,0,0
113065,2,0
113081,2,2
113092,0,0
113094,0,1
113095,1,1
113097,4,0
113099,1,1
113101,4,1
113106,0,0
113108,4,3
113114,4,2
113118,2,0
113127,2,1
113144,4,1
113148,2,1
113150,1,1
113158,2,2
113170,2,2
113209,0,0
113211,0,3
113215,2,0
113243,1,0
113263,1,1
113265,0,0
113268,0,0
113274,0,1
113285,0,0
113294,0,1
113302,0,0
113309,2,1
113321,2,1
113326,1,0
113328,0,0
113346,0,0
113352,0,1
113355,0,0
113378,3,3
113383,2,0
113386,0,0
113396,0,0
113401,0,0
113408,3,1
113412,0,0
113416,3,2
113421,1,1
113432,2,2
113447,0,0
113455,1,1
113458,0,1
113481,1,1
113483,1,1
113491,1,1
113493,2,1
113503,2,1
113512,0,0
113514,0,0
113516,2,1
113519,0,0
113524,2,2
113527,3,2
113540,2,2
113545,3,2
113547,0,1
113556,1,1
113578,0,0
113591,0,0
113595,1,0
113596,3,1
113598,2,3
113600,2,1
113602,2,1
113603,0,1
113616,0,1
113632,4,0
113650,3,0
113654,2,1
113665,2,1
113670,2,0
113672,0,0
113683,0,0
113689,3,1
113690,0,0
113692,2,2
113709,0,1
113713,0,0
113726,0,0
113738,0,0
113746,0,0
113758,0,0
113759,1,1
113773,0,0
113781,2,2
113784,1,1
113785,0,0
113793,0,0
113814,0,0
113828,0,0
113833,0,1
113842,3,0
113859,1,0
113865,0,0
113871,3,1
113880,3,2
113883,3,3
113886,4,3
113907,4,3
113911,1,1
113915,2,0
113919,0,0
113926,2,1
113928,0,0
113929,0,0
113934,0,0
113940,0,1
113941,2,1
113946,1,1
113970,2,2
113976,3,1
113978,2,1
113981,2,1
113985,3,1
113986,0,2
113990,2,1
113996,0,0
114016,2,2
114018,0,1
114024,0,0
114035,3,2
114050,0,0
114052,1,0
114054,0,0
114056,2,1
114070,4,1
114075,1,0
114091,3,2
114097,2,3
114100,2,0
114113,2,1
114117,0,0
114124,0,1
114126,2,1
114129,3,1
114131,0,0
114139,0,0
114165,0,0
114170,2,2
114176,4,1
114178,2,0
114179,1,1
114183,1,1
114185,0,0
114188,2,1
114197,0,2
114200,2,1
114203,4,0
114208,0,0
114209,2,2
114222,2,1
114231,2,1
114246,1,1
114256,1,1
114258,5,2
114259,2,1
114266,1,1
114273,3,0
114286,1,1
114291,0,0
114292,0,1
114295,2,2
114300,2,1
114323,4,1
114336,0,0
114341,2,1
114342,0,0
114343,4,2
114344,1,0
114347,3,0
114369,0,0
114374,2,1
114395,2,1
114400,1,2
114409,3,2
114412,2,2
114432,2,1
114437,2,1
114439,2,1
114448,2,1
114460,1,1
114468,4,3
114487,0,1
114488,2,1
114514,1,1
114516,3,2
114519,4,2
114532,2,0
114535,0,1
114539,4,1
114549,1,1
114569,1,2
114579,0,1
114593,0,1
114602,2,0
114607,2,1
114610,0,0
114613,0,0
114629,1,1
114631,1,0
114639,1,1
114642,0,1
114654,2,0
114657,0,0
114668,2,0
114689,2,2
114692,1,1
114693,1,0
114713,2,1
114718,0,0
114728,2,1
114741,3,4
114748,5,2
114750,4,2
114761,0,0
114762,2,2
114766,0,0
114787,1,1
114789,0,0
114797,4,3
114807,0,1
114810,2,1
114817,1,1
114827,1,0
114829,3,1
114837,2,1
114850,3,2
114854,4,3
114855,3,1
114860,1,0
114869,0,0
114886,4,1
114896,0,2
114909,4,0
114910,1,1
114917,0,0
114918,1,0
114924,0,0
114945,0,0
114948,0,0
114950,0,0
114954,1,2
114955,3,1
114968,0,0
114971,0,0
114977,4,1
114990,0,0
115015,1,0
115021,0,0
115022,4,3
115024,0,0
115028,2,2
115031,1,0
115032,2,1
115042,3,2
115048,1,1
115049,2,2
115052,2,1
115074,0,1
115077,0,0
115086,0,0
115094,0,0
115101,2,1
115121,2,1
115131,3,0
115135,1,1
115136,3,2
115144,4,3
115153,1,2
115157,3,1
115159,4,3
115179,0,0
115191,1,1
115202,0,0
115208,0,0
115221,3,1
115222,3,2
115223,0,1
115224,2,2
115225,4,3
115233,0,0
115235,2,1
115238,1,0
115244,2,1
115247,2,2
115253,1,1
115261,0,0
115264,5,2
115270,0,0
115276,1,2
115288,0,0
115289,1,3
115307,0,0
115310,1,1
115327,0,0
115330,5,2
115338,2,0
115340,0,0
115350,0,0
115354,2,1
115372,2,1
115378,1,1
115379,1,0
115386,2,1
115389,2,1
115416,3,0
115422,1,0
115435,0,0
115446,4,3
115454,0,0
115464,1,0
115466,2,1
115468,0,0
115471,0,0
115476,3,0
115487,2,1
115494,0,0
115520,0,0
115521,1,0
115524,4,3
115530,1,1
115531,0,0
115546,0,1
115554,0,0
115558,2,1
115563,1,1
115570,2,2
115576,0,1
115582,0,0
115588,1,1
115593,0,1
115594,3,2
115596,0,0
115607,0,0
115617,1,0
115627,1,1
115628,0,0
115637,0,1
115646,0,0
115656,0,0
115658,2,1
115672,2,1
115673,1,0
115678,0,0
115681,0,0
115683,1,3
115685,0,1
115689,2,1
115692,4,1
115698,1,1
115699,1,0
115705,4,3
115708,2,1
115710,0,1
115715,4,3
115726,1,0
115734,4,3
115740,2,1
115742,1,0
115754,2,1
115758,0,1
115760,1,1
115761,0,0
115768,4,3
115777,1,1
115795,0,1
115808,2,2
115810,3,1
115814,4,1
115817,3,1
115822,0,0
115827,0,0
115829,3,0
115830,0,0
115834,1,1
115839,1,1
115841,1,0
115852,1,2
115889,3,4
115899,2,1
115911,1,1
115913,4,3
115942,2,0
115943,0,0
115945,1,1
115946,0,0
115955,0,0
115979,3,2
115982,0,0
116002,3,2
116004,3,1
116005,0,0
116013,1,1
116033,0,0
116041,1,0
116043,4,1
116076,3,2
116091,3,1
116094,0,0
116095,2,1
116097,0,0
116098,2,1
116099,0,0
116100,1,0
116106,1,0
116117,0,1
116124,2,2
116128,1,1
116130,4,1
116131,4,3
116137,2,1
116138,2,1
116144,2,1
116151,0,1
116152,1,1
116153,0,0
116154,1,1
116161,4,2
116177,1,1
116180,4,0
116197,1,0
116205,3,1
116211,0,1
116213,0,0
116222,1,1
116225,3,3
116232,4,1
116235,2,2
116245,0,0
116254,0,1
116256,1,2
116259,2,2
116260,1,2
116262,0,0
116263,0,1
116272,2,2
116284,3,2
116285,0,0
116286,0,0
116288,0,0
116290,0,0
116297,0,0
116298,4,3
116303,0,0
116311,3,2
116312,0,0
116313,4,3
116314,2,1
116325,0,0
116331,2,2
116340,1,2
116342,3,2
116344,2,1
116345,0,0
116358,1,1
116359,1,1
116373,2,2
116374,0,0
116391,1,0
116395,2,1
116409,0,0
116416,1,0
116418,1,0
116448,1,1
116449,0,0
116455,0,0
116460,0,0
116468,1,2
116476,4,0
116489,0,0
116492,1,1
116494,0,0
116521,0,0
116533,1,1
116534,1,3
116538,1,2
116544,2,1
116547,0,0
116549,2,0
116553,0,0
116554,2,1
116560,3,2
116564,2,1
116574,1,1
116575,0,0
116589,0,0
116603,0,0
116609,1,0
116617,3,1
116637,1,1
116640,1,1
116659,2,1
116668,0,0
116669,3,0
116684,1,1
116689,1,2
116694,0,0
116705,1,1
116713,0,0
116727,0,0
116728,3,2
116730,4,3
116742,2,2
116745,0,0
116747,2,3
116767,3,1
116778,0,1
116779,4,3
116781,0,0
116788,2,1
116789,4,3
116794,0,0
116802,2,2
116810,0,0
116817,2,0
116827,0,1
116832,0,0
116835,3,2
116836,3,0
116840,1,0
116841,5,2
116845,0,1
116848,2,1
116855,2,2
116865,4,3
116875,2,1
116877,3,1
116878,0,0
116879,5,3
116904,0,0
116911,2,1
116915,3,3
116930,2,1
116945,0,0
116952,2,1
116955,0,0
116957,2,1
116966,2,0
116972,2,1
116979,0,1
116980,0,1
116987,0,0
116988,1,0
117002,3,3
117007,0,1
117016,0,0
117031,1,0
117041,0,0
117058,3,1
117060,2,1
117063,2,2
117068,2,0
117069,2,0
117081,2,2
117086,4,1
117093,0,1
117096,2,1
117102,2,1
117103,2,0
117112,1,1
117113,1,3
117126,1,3
117136,2,2
117144,0,2
117150,2,2
117157,3,1
117169,1,3
117170,1,0
117174,0,0
117186,4,2
117192,4,3
117202,0,1
117212,0,0
117234,4,3
117236,1,3
117237,2,2
117242,0,0
117243,2,1
117245,1,1
117248,1,0
117261,0,1
117266,2,1
117268,2,5
117273,4,1
117276,0,0
117280,4,1
117285,0,0
117288,1,0
117292,0,0
117296,3,0
117298,0,0
117313,1,0
117317,1,2
117328,0,0
117338,2,1
117339,0,0
117340,4,1
117353,1,3
117354,0,0
117367,2,0
117379,1,1
117388,4,3
117395,2,2
117397,3,1
117399,2,2
117405,3,1
117412,1,1
117435,0,0
117480,1,0
117487,2,1
117490,1,1
117494,3,4
117511,1,1
117517,0,0
117526,4,0
117533,1,1
117539,0,1
117549,1,2
117582,3,1
117583,3,1
117594,0,0
117597,2,1
117604,0,0
117619,4,3
117622,2,1
117626,4,3
117629,2,0
117630,3,3
117632,1,0
117633,0,1
117644,4,1
117651,0,0
117655,0,1
117686,2,1
117697,1,0
117698,3,1
117699,3,1
117700,0,0
117708,0,0
117716,0,0
117718,2,0
117730,2,1
117749,0,1
117758,0,1
117760,1,0
117779,3,4
117787,1,0
117788,4,3
117797,2,2
117799,0,0
117824,1,0
117833,1,1
117840,0,0
117843,0,0
117854,2,2
117855,3,2
117856,1,1
117857,1,0
117859,1,1
117864,2,0
117876,3,0
117880,0,0
117882,0,0
117886,2,1
117889,2,1
117911,3,1
117919,1,1
117933,2,1
117943,0,0
117944,1,0
117970,2,1
117974,0,1
117978,2,1
117982,0,1
117983,0,0
117985,0,0
117995,1,1
117999,0,0
118003,1,1
118029,0,0
118048,0,0
118064,0,0
118070,4,3
118072,2,2
118084,2,0
118090,1,1
118094,4,0
118100,2,2
118101,4,1
118104,0,0
118125,0,0
118152,2,1
118155,2,2
118159,1,1
118162,3,1
118169,0,0
118175,3,2
118194,1,0
118199,0,0
118224,2,1
118234,0,0
118251,2,1
118257,2,0
118267,2,1
118273,4,0
118301,2,2
118313,3,1
118321,2,0
118324,3,1
118333,0,0
118342,0,0
118343,3,2
118344,0,0
118351,0,0
118354,0,0
118355,2,3
118357,1,0
118362,0,0
118384,0,1
118388,1,1
118400,0,1
118430,1,3
118437,1,4
118439,4,0
118452,1,1
118471,1,1
118513,1,4
118515,1,1
118525,2,2
118526,2,0
118527,0,1
118537,1,2
118548,1,0
118552,2,1
118570,0,0
118571,0,1
118575,0,0
118577,3,0
118581,2,1
118594,0,0
118598,0,1
118604,1,1
118609,0,0
118623,2,1
118630,1,2
118640,2,3
118644,2,1
118645,0,0
118646,1,2
118656,2,0
118658,2,2
118680,1,0
118685,2,1
118711,1,0
118713,3,2
118715,0,0
118717,2,1
118718,2,2
118833,2,0
118843,3,1
118844,4,3
118855,2,1
118858,1,0
118863,1,1
118865,0,2
118870,3,2
118874,0,0
118876,2,2
118928,2,1
118937,0,0
118939,2,0
118944,0,1
118946,4,3
118948,0,0
118952,4,1
118956,2,1
118962,1,1
118980,4,3
118984,5,2
118990,2,1
119006,3,2
119012,3,1
119018,4,1
119022,0,1
119024,2,1
119025,5,2
119026,2,2
119056,1,0
119059,3,1
119062,3,1
119067,2,1
119071,1,1
119075,2,2
119083,4,1
119088,1,1
119091,3,1
119103,3,1
119123,2,1
119129,1,2
119153,1,1
119182,2,2
119196,1,2
119202,0,0
119209,2,2
119218,1,1
119222,3,1
119225,1,0
119226,0,0
119227,0,0
119229,1,1
119235,4,2
119236,3,1
119239,4,2
119242,4,3
119292,3,1
119295,0,0
119307,0,0
119315,2,1
119318,2,1
119321,4,1
119325,1,1
119336,2,0
119343,0,0
119344,1,1
119345,0,0
119356,1,1
119362,3,1
119370,1,0
119375,2,0
119378,0,0
119401,0,0
119404,3,1
119413,0,0
119415,1,1
119416,2,0
119418,2,2
119423,0,0
119425,1,2
119427,0,1
119435,1,1
119447,1,1
119453,0,0
119456,3,2
119459,0,0
119467,0,0
119475,2,0
119485,2,2
119496,0,0
119503,2,1
119518,0,0
119526,2,2
119534,0,0
119555,2,1
119564,2,0
119572,3,0
119593,2,1
119630,3,1
119631,0,0
119642,0,0
119648,3,1
119668,1,1
119671,1,1
119677,2,2
119694,2,1
119706,1,3
119711,2,1
119712,4,3
119714,2,1
119729,0,0
119742,0,0
119769,4,2
119775,2,1
119780,2,0
119781,0,0
119801,3,1
119802,4,3
119807,0,1
119811,3,0
119844,1,0
119850,5,2
119860,4,3
119868,4,1
119879,3,0
119881,1,0
119886,1,0
119896,1,1
119898,1,1
119902,1,1
119910,0,0
119924,4,3
119930,1,1
119931,0,0
119957,0,1
119959,0,0
119965,1,1
119968,2,2
119970,0,0
119976,2,5
119991,1,0
120004,2,2
120010,2,1
120038,4,3
120061,3,1
120065,0,1
120071,1,1
120072,0,0
120075,0,0
120090,0,0
120092,1,0
120101,0,2
120102,0,0
120103,4,3
120105,0,0
120113,2,0
120122,0,0
120123,3,1
120131,3,2
120132,3,1
120143,0,1
120145,1,0
120149,0,0
120154,0,0
120156,0,0
120163,2,1
120166,0,1
120169,2,2
120186,1,2
120192,2,0
120195,0,1
120208,2,0
120219,2,2
120220,1,1
120221,1,1
120230,1,1
120245,2,1
120268,2,0
120275,1,0
120278,3,1
120279,0,0
120294,0,0
120295,4,3
120302,0,0
120304,2,0
120305,0,1
120312,0,0
120313,1,3
120345,0,0
120359,2,0
120365,0,1
120369,1,0
120383,3,1
120387,2,1
120391,2,3
120399,5,2
120408,3,1
120409,0,0
120410,3,2
120422,2,0
120423,0,1
120424,3,1
120425,0,0
120428,3,1
120429,4,3
120434,1,2
120451,0,0
120462,2,2
120466,0,0
120525,1,1
120538,1,0
120544,2,1
120545,3,2
120555,0,0
120559,2,1
120567,0,0
120574,1,1
120577,2,1
120578,0,0
120579,3,2
120586,0,0
120603,0,0
120612,0,0
120616,0,1
120618,1,1
120625,2,1
120631,2,1
120637,2,1
120639,2,0
120640,0,2
120645,1,2
120652,1,3
120673,3,1
120684,1,0
120685,0,0
120690,1,1
120695,0,0
120697,1,1
120704,2,2
120708,1,0
120723,2,3
120729,0,1
120788,4,3
120789,0,0
120805,1,1
120824,3,2
120842,0,0
120843,1,0
120869,0,0
120876,2,1
120878,0,0
120883,1,0
120892,2,1
120896,3,0
120899,0,0
120908,1,0
120910,1,1
120918,0,0
120953,2,1
120960,0,0
120966,0,0
120967,2,1
120975,3,1
120985,0,0
120989,2,2
120998,1,1
121000,3,1
121004,3,1
121013,2,1
121014,0,1
121016,4,2
121022,2,1
121026,1,2
121041,1,0
121048,3,4
121059,0,0
121060,2,1
121077,0,0
121079,3,2
121082,2,1
121106,1,0
121107,2,0
121121,2,0
121129,3,1
121133,0,0
121134,1,0
121139,0,0
121148,2,0
121151,0,0
121152,0,0
121155,3,1
121174,0,0
121180,2,0
121188,2,3
121192,3,0
121222,3,0
121228,3,2
121238,0,1
121240,4,3
121245,0,0
121247,1,2
121249,0,0
121251,2,2
121252,1,0
121253,1,0
121258,1,2
121271,0,0
121274,2,2
121275,2,1
121276,0,2
121285,1,0
121286,0,0
121288,1,0
121291,0,1
121300,2,1
121306,0,0
121309,1,1
121315,0,1
121322,0,0
121331,2,1
121332,0,0
121337,0,0
121348,3,1
121349,4,2
121356,0,1
121359,2,2
121367,0,2
121369,3,1
121383,0,1
121390,2,1
121394,0,0
121402,0,0
121404,3,4
121414,5,2
121421,2,1
121425,1,1
121431,0,0
121436,2,2
121440,1,1
121453,3,2
121454,0,0
121466,3,1
121475,4,3
121505,2,2
121507,1,1
121510,0,0
121512,3,2
121523,2,2
121535,1,1
121536,2,1
121544,0,1
121545,1,0
121596,0,0
121610,3,0
121639,0,1
121644,4,2
121648,0,0
121658,2,1
121664,3,1
121669,0,0
121690,0,0
121712,3,2
121713,4,3
121715,3,2
121722,3,2
121726,0,0
121749,3,1
121750,0,0
121756,2,2
121758,4,3
121760,0,0
121762,4,3
121764,2,1
121765,2,0
121767,1,0
121773,2,2
121804,0,0
121831,2,0
121838,4,3
121839,0,0
121840,4,3
121852,3,1
121858,0,0
121909,0,0
121916,0,0
121935,3,4
121947,1,2
121955,2,1
121968,1,2
121970,0,1
121981,2,1
121990,3,0
121991,0,1
121996,3,0
121999,0,1
122017,3,1
122030,4,3
122042,2,1
122046,0,0
122048,0,0
122051,1,1
122056,4,3
122075,0,0
122080,0,0
122087,0,0
122089,0,0
122090,3,0
122091,0,0
122093,0,0
122103,0,0
122118,0,0
122122,0,0
122128,2,1
122142,3,2
122149,2,2
122151,0,0
122152,0,0
122153,0,2
122169,1,1
122200,0,1
122203,1,2
122204,1,1
122218,0,0
122225,1,2
122227,0,0
122228,0,0
122233,0,0
122244,0,0
122253,3,4
122268,4,3
122272,3,1
122286,1,1
122294,4,3
122298,4,1
122299,2,2
122300,2,0
122315,0,0
122326,0,0
122332,0,0
122337,0,0
122338,4,1
122339,2,0
122343,0,0
122344,2,1
122359,0,1
122369,0,0
122374,1,2
122393,0,0
122398,0,0
122408,2,1
122411,0,0
122414,2,1
122428,4,1
122431,3,1
122445,3,1
122450,2,0
122451,1,0
122452,1,0
122454,0,3
122455,4,3
122457,0,0
122459,1,2
122460,0,0
122465,2,1
122466,3,0
122467,2,1
122490,2,2
122499,0,0
122502,0,1
122505,2,1
122508,0,0
122514,1,1
122525,2,1
122530,0,0
122545,2,1
122546,0,0
122547,0,0
122548,1,1
122552,0,0
122562,3,4
122586,1,2
122595,0,0
122598,3,1
122603,0,0
122607,1,0
122630,2,0
122639,0,1
122643,4,3
122648,1,1
122657,0,0
122660,1,0
122665,0,0
122692,1,3
122695,2,0
122701,0,0
122712,0,0
122719,2,2
122727,1,1
122729,1,0
122732,5,2
122733,0,0
122735,2,0
122737,0,1
122738,1,1
122740,1,0
122765,2,1
122769,3,1
122784,1,1
122798,0,0
122805,2,1
122819,2,2
122820,0,0
122846,3,1
122847,0,0
122848,2,1
122857,1,0
122885,4,3
122891,1,1
122906,2,1
122907,1,0
122910,3,1
122914,4,1
122918,0,1
122921,3,1
122922,1,2
122935,0,0
122955,0,1
122959,2,1
122960,2,0
122967,0,0
122990,4,3
122993,1,2
122997,1,2
123020,0,1
123021,2,1
123032,0,0
123035,2,0
123051,1,1
123054,1,1
123057,2,2
123059,1,2
123062,1,1
123063,1,1
123079,0,1
123082,0,0
123093,4,1
123100,1,1
123119,4,0
123126,0,1
123131,4,3
123141,1,1
123167,1,0
123171,1,2
123173,2,1
123178,2,1
123182,2,1
123184,2,1
123190,1,1
123208,2,0
123222,4,0
123224,0,0
123225,0,0
123262,4,0
123272,4,1
123277,2,1
123285,2,0
123293,0,0
123294,2,1
123308,3,2
123315,4,3
123317,1,0
123334,4,2
123337,1,1
123341,1,3
123351,1,1
123354,0,0
123364,2,1
123366,0,0
123369,1,1
123388,0,1
123400,4,2
123401,1,1
123406,2,2
123407,1,2
123417,0,0
123419,1,2
123449,0,1
123451,2,2
123459,3,1
123466,3,2
123477,0,0
123482,3,1
123485,1,0
123486,0,0
123494,0,0
123501,3,1
123503,1,2
123514,1,2
123526,3,1
123539,0,0
123546,4,3
123562,2,1
123574,0,0
123582,2,0
123600,2,2
123601,4,1
123602,1,0
123603,2,1
123616,0,0
123624,0,0
123625,1,0
123628,4,0
123631,0,0
123632,2,1
123644,0,0
123646,2,1
123651,1,1
123652,0,0
123653,2,0
123657,0,1
123664,0,0
123674,0,0
123697,1,2
123712,3,1
123723,5,2
123726,4,3
123727,0,1
123728,3,1
123739,0,0
123748,3,1
123750,1,1
123754,1,0
123767,0,0
123772,0,1
123784,0,1
123785,2,1
123795,4,1
123801,0,0
123809,0,0
123813,2,2
123814,0,0
123816,0,0
123817,2,1
123818,3,1
123868,0,0
123871,0,0
123875,4,0
123877,1,1
123884,2,1
123889,1,1
123895,3,1
123899,3,1
123901,2,0
123903,0,0
123914,1,2
123919,0,0
123927,0,0
123930,4,3
123940,4,3
123942,0,1
123961,1,1
123966,1,1
123974,1,1
123981,3,1
123982,1,1
123989,2,1
123998,2,1
123999,0,0
124000,1,1
124006,0,0
124014,0,0
124015,2,1
124025,0,0
124028,0,0
124032,0,0
124040,2,2
124042,5,2
124046,0,0
124055,2,2
124057,2,1
124059,1,0
124061,2,1
124063,5,2
124065,0,1
124081,3,0
124083,3,1
124104,4,1
124113,1,1
124118,0,0
124120,4,1
124121,2,1
124128,0,0
124131,0,0
124152,2,2
124157,2,2
124161,2,2
124163,1,3
124176,0,0
124177,0,0
124181,3,1
124182,1,1
124183,2,1
124188,2,0
124200,0,0
124214,4,3
124240,0,0
124246,1,2
124288,3,1
124303,0,1
124304,0,0
124305,0,0
124312,2,1
124323,2,2
124324,3,1
124340,2,1
124349,1,0
124352,1,1
124353,3,1
124372,1,1
124377,3,1
124380,2,1
124397,2,1
124399,5,2
124403,0,0
124410,0,0
124411,2,1
124412,2,2
124416,1,1
124429,0,1
124447,2,3
124457,0,0
124464,1,1
124465,2,1
124466,3,1
124467,2,2
124468,1,0
124471,4,3
124472,0,0
124477,0,0
124484,0,0
124485,2,1
124486,0,0
124487,4,1
124495,0,0
124498,4,2
124499,0,0
124500,4,3
124501,0,0
124503,4,3
124507,1,0
124524,0,0
124531,4,3
124532,0,0
124533,1,0
124534,0,0
124536,0,0
124540,4,3
124541,5,2
124542,0,0
124553,2,1
124557,2,1
124561,1,1
124578,0,0
124588,2,2
124593,3,1
124610,1,1
124637,2,1
124643,3,2
124649,1,0
124654,0,0
124660,2,2
124662,0,0
124674,1,3
124677,2,1
124681,0,0
124683,1,0
124693,5,2
124695,0,0
124698,0,1
124705,2,1
124707,2,0
124724,0,0
124767,0,0
124768,1,1
124795,4,3
124813,1,0
124818,2,1
124824,1,1
124837,4,3
124839,1,0
124840,1,0
124876,2,1
124878,2,1
124880,3,1
124881,2,1
124882,3,2
124886,0,0
124887,4,3
124888,1,1
124890,2,1
124891,2,1
124892,3,1
124893,0,1
124894,4,2
124895,1,0
124896,0,0
124898,2,1
124899,1,1
124904,2,1
124918,1,1
124928,0,1
124931,3,1
124935,2,1
124939,0,0
124957,4,3
124981,1,1
125015,1,1
125030,1,2
125042,4,1
125050,4,3
125062,0,2
125065,0,0
125066,4,1
125073,2,1
125084,1,1
125093,0,1
125095,2,3
125102,1,1
125110,1,0
125118,2,2
125121,3,1
125127,0,0
125129,2,0
125132,2,2
125133,2,1
125135,0,0
125139,0,0
125145,2,1
125159,3,2
125166,1,2
125172,0,0
125175,0,1
125198,1,0
125213,2,1
125220,0,0
125222,2,2
125226,0,0
125231,2,1
125240,0,1
125248,2,1
125269,4,3
125295,2,0
125301,0,0
125307,2,1
125350,1,1
125354,0,1
125357,2,1
125359,2,0
125368,1,1
125370,0,1
125374,1,1
125380,1,1
125382,0,0
125390,2,1
125408,1,0
125416,2,0
125418,2,1
125423,2,0
125426,0,0
125428,0,0
125440,0,0
125451,0,0
125453,1,0
125456,1,1
125457,2,1
125467,1,0
125472,4,3
125481,0,0
125483,4,3
125491,2,1
125494,1,1
125500,0,0
125512,1,1
125517,1,0
125533,2,1
125539,1,1
125555,3,2
125557,1,0
125571,3,1
125581,0,1
125584,0,2
125591,4,3
125592,2,1
125593,0,1
125594,2,1
125595,2,1
125596,4,3
125598,4,2
125608,4,2
125609,2,2
125619,3,1
125622,1,1
125624,0,0
125625,2,2
125627,2,1
125628,3,1
125631,3,1
125634,0,0
125645,0,1
125647,2,0
125649,4,1
125654,1,2
125656,2,1
125657,3,2
125658,0,0
125660,1,2
125661,3,2
125664,0,0
125667,2,1
125668,0,0
125670,1,1
125677,1,1
125690,3,2
125710,3,2
125713,0,0
125714,0,0
125721,0,0
125723,0,0
125728,0,1
125737,0,1
125744,1,1
125745,1,1
125748,2,1
125752,1,1
125754,2,1
125755,3,2
125756,4,1
125757,2,1
125758,0,1
125759,1,1
125760,2,0
125762,2,1
125767,2,1
125773,4,1
125810,3,1
125811,1,0
125817,0,1
125819,0,0
125841,3,2
125852,2,1
125856,2,1
125861,4,1
125869,0,0
125872,2,1
125879,2,1
125891,4,3
125915,0,0
125916,1,0
125917,1,1
125920,1,1
125929,2,1
125943,2,1
125944,2,1
125959,0,0
125965,0,0
125975,2,0
125986,0,1
125987,2,0
125993,2,2
126003,1,1
126008,0,0
126011,4,1
126030,0,0
126031,0,0
126034,0,0
126037,0,0
126045,2,1
126048,2,1
126049,3,1
126050,1,1
126053,2,1
126067,0,0
126098,0,1
126103,2,0
126105,4,3
126113,1,1
126117,0,0
126118,2,0
126119,3,2
126123,4,0
126129,0,0
126141,2,2
126149,1,2
126151,1,1
126152,2,0
126154,2,0
126168,0,0
126169,2,1
126180,1,0
126181,0,0
126186,0,0
126191,0,1
126199,3,0
126216,0,0
126225,0,0
126226,0,1
126227,1,1
126228,4,1
126229,3,1
126230,3,2
126239,4,3
126240,3,2
126244,2,0
126246,0,0
126248,0,0
126255,2,1
126256,3,2
126292,1,2
126308,2,0
126310,5,2
126313,3,2
126321,2,2
126326,2,0
126328,2,1
126332,1,1
126336,0,0
126343,0,0
126355,2,0
126362,0,0
126368,1,1
126369,0,0
126384,2,1
126391,1,2
126395,0,0
126407,3,2
126419,0,0
126422,0,0
126423,0,1
126441,3,1
126443,1,2
126454,1,1
126485,4,3
126486,0,0
126496,1,1
126498,1,0
126505,2,0
126508,2,2
126520,0,0
126524,4,3
126526,0,0
126527,2,1
126529,2,2
126531,0,0
126532,1,1
126533,2,1
126535,0,0
126536,0,0
126538,1,2
126552,3,2
126565,0,0
126577,0,0
126591,0,0
126596,0,0
126597,2,1
126603,2,2
126604,0,0
126616,2,1
126630,1,1
126643,4,3
126645,0,0
126651,2,1
126668,0,0
126669,2,2
126674,0,0
126675,3,1
126686,0,0
126689,4,1
126690,0,0
126704,2,1
126710,0,0
126721,0,0
126723,3,2
126731,0,0
126737,0,0
126743,1,0
126749,1,1
126754,1,1
126762,1,0
126774,1,0
126780,0,0
126790,4,2
126800,3,0
126802,4,3
126810,3,1
126812,0,0
126819,0,0
126825,1,1
126832,1,1
126838,0,0
126843,2,1
126845,0,0
126846,0,0
126847,3,2
126848,0,0
126850,0,0
126857,5,2
126867,0,0
126869,2,1
126888,0,1
126899,2,1
126900,2,1
126901,1,0
126911,0,0
126917,3,2
126922,2,1
126931,0,0
126934,0,0
126946,2,0
126950,1,1
126953,0,0
126960,2,2
126966,5,2
126967,4,1
126976,1,1
126977,1,0
126978,1,0
127020,2,2
127024,0,0
127034,2,1
127065,1,0
127066,0,0
127075,1,1
127078,2,1
127094,1,1
127137,2,1
127142,3,4
127145,0,0
127147,0,0
127153,2,2
127160,2,1
127186,0,1
127196,0,0
127202,4,3
127210,1,1
127221,0,0
127228,0,0
127229,0,0
127235,1,1
127239,0,1
127254,0,0
127272,0,0
127275,0,0
127277,0,1
127278,0,1
127279,0,0
127296,0,0
127307,2,1
127318,2,1
127328,1,0
127342,0,0
127363,2,2
127364,2,1
127365,2,2
127377,2,1
127403,1,0
127410,1,1
127411,1,0
127414,4,1
127420,1,0
127447,1,1
127452,1,0
127453,2,2
127454,0,1
127455,2,0
127456,1,0
127457,1,0
127462,4,2
127466,2,1
127478,0,0
127484,4,3
127485,2,0
127488,4,3
127494,0,0
127507,0,1
127512,3,2
127520,1,1
127547,1,0
127548,0,0
127558,4,0
127561,3,1
127575,0,0
127581,0,0
127583,0,0
127584,3,1
127592,3,0
127609,2,1
127637,1,0
127657,3,1
127659,1,1
127661,4,2
127676,3,2
127696,0,0
127718,4,2
127719,2,1
127726,2,0
127731,2,1
127734,3,1
127741,2,1
127744,2,0
127745,2,1
127758,1,0
127764,0,1
127792,2,1
127810,2,1
127818,2,1
127822,3,2
127825,3,4
127826,0,0
127828,1,0
127839,3,1
127843,1,2
127847,1,0
127855,0,0
127856,2,1
127857,3,1
127864,2,1
127868,2,2
127876,0,0
127885,0,0
127888,4,1
127892,1,1
127893,3,1
127896,0,0
127906,4,3
127910,4,3
127913,0,0
127914,3,1
127924,3,2
127926,0,0
127943,0,0
127947,2,1
127950,1,1
127959,1,0
127961,2,2
127963,1,0
127985,4,3
127994,1,1
128009,0,0
128017,0,0
128030,2,1
128032,2,0
128034,2,1
128041,0,0
128045,1,2
128064,4,3
128071,5,2
128074,2,1
128075,5,2
128079,0,0
128084,3,1
128100,1,2
128101,0,1
128103,1,2
128106,2,1
128126,0,1
128135,2,1
128153,2,1
128156,0,0
128157,2,1
128158,2,1
128161,0,0
128163,1,2
128164,0,0
128165,1,0
128167,2,2
128168,0,0
128173,3,1
128180,0,0
128183,1,1
128191,0,0
128211,1,1
128227,3,0
128228,1,0
128237,0,0
128245,1,3
128254,0,0
128263,0,0
128268,3,1
128270,1,0
128272,2,2
128274,0,1
128286,3,0
128287,1,0
128288,3,0
128293,2,1
128294,2,1
128310,3,1
128314,2,1
128319,1,1
128323,0,0
128324,0,1
128329,3,1
128331,0,1
128334,4,3
128338,1,1
128356,2,1
128358,0,0
128372,3,1
128373,2,0
128385,3,4
128387,2,1
128388,0,0
128389,2,1
128390,1,0
128391,2,2
128415,2,2
128418,2,2
128421,2,0
128422,2,1
128423,3,1
128428,1,0
128433,0,0
128440,2,1
128452,1,1
128457,2,1
128467,0,0
128470,4,3
128485,1,2
128488,2,2
128497,5,0
128499,2,2
128514,1,1
128524,4,0
128536,4,3
128537,1,0
128538,3,2
128542,1,1
128547,1,2
128549,0,0
128558,2,1
128561,1,1
128562,2,1
128563,4,1
128567,2,1
128571,0,0
128573,3,2
128576,2,0
128582,1,2
128595,2,2
128605,1,1
128606,2,1
128615,4,2
128619,0,0
128656,2,1
128659,2,1
128660,0,0
128661,1,1
128666,1,1
128668,5,2
128673,3,1
128677,1,2
128680,1,0
128686,0,0
128689,2,0
128694,1,1
128695,1,1
128697,2,1
128700,2,1
128704,3,2
128710,2,0
128712,4,3
128718,0,0
128730,2,1
128733,2,0
128742,0,0
128743,4,2
128749,3,4
128755,2,0
128757,0,1
128759,0,0
128766,0,0
128777,3,4
128797,1,1
128804,0,0
128815,1,1
128823,5,2
128824,3,2
128831,2,3
128833,0,0
128835,0,0
128837,0,0
128839,3,1
128861,1,1
128865,0,0
128869,1,0
128875,2,0
128877,1,1
128880,0,0
128884,0,0
128885,1,0
128891,0,1
128900,2,0
128902,2,1
128908,2,2
128924,1,2
128928,0,0
128929,3,1
128930,1,3
128934,4,3
128943,3,2
128962,0,0
128973,0,0
128984,2,1
128993,0,0
128994,3,1
128996,1,0
129000,2,0
129010,0,0
129011,2,1
129020,3,1
129026,0,0
129030,2,1
129039,2,1
129048,1,1
129050,1,1
129055,1,2
129063,0,0
129073,0,0
129087,1,0
129088,2,1
129089,2,1
129090,0,0
129091,3,1
129092,2,1
129093,0,0
129094,1,1
129097,1,1
129115,0,0
129120,0,0
129121,1,1
129123,2,1
129125,1,1
129128,0,0
129143,0,0
129149,2,2
129150,4,3
129167,1,1
129175,0,0
129179,2,1
129188,0,0
129202,0,0
129212,2,1
129219,2,1
129222,0,0
129224,0,0
129225,0,1
129228,0,1
129229,1,0
129244,1,1
129252,3,1
129262,0,0
129266,4,3
129268,2,2
129284,2,1
129287,0,0
129309,2,2
129312,0,0
129337,2,1
129339,0,1
129341,4,3
129344,0,0
129347,0,0
129348,4,2
129359,2,2
129364,0,1
129371,0,0
129376,3,2
129377,3,0
129388,0,1
129406,2,1
129409,3,1
129425,1,0
129427,2,0
129431,0,0
129437,1,0
129438,1,1
129458,0,0
129462,1,0
129480,3,1
129617,3,2
129624,0,0
129630,0,2
129646,1,2
129659,2,1
129665,1,1
129681,0,0
129689,0,0
129692,0,0
129696,0,0
129704,3,1
129707,2,1
129708,0,0
129710,1,1
129740,0,0
129743,2,1
129744,0,0
129748,0,1
129779,0,0
129783,0,0
129788,4,1
129789,1,0
129790,1,1
129795,2,1
129800,4,3
129804,2,2
129805,0,0
129807,0,0
129811,0,1
129815,0,0
129817,3,1
129818,0,0
129823,0,1
129829,4,2
129842,0,0
129848,0,0
129865,3,3
129875,0,0
129889,0,0
129890,4,0
129892,2,2
129895,2,1
129896,4,3
129900,0,0
129920,2,1
129925,1,1
129934,2,1
129936,3,2
129942,0,0
129951,2,0
129952,0,0
129960,4,1
129967,0,0
129970,3,1
129983,0,1
129987,0,0
129991,0,0
129997,2,1
130000,2,1
130001,1,3
130002,3,2
130003,2,0
130004,0,1
130010,0,0
130017,3,1
130020,0,0
130026,2,1
130034,0,0
130040,2,0
130048,0,1
130049,0,0
130056,3,2
130057,1,0
130058,1,0
130060,1,3
130061,0,1
130083,0,0
130097,0,2
130107,0,0
130111,1,0
130117,5,2
130133,1,1
130134,3,4
130138,2,0
130153,0,0
130164,1,1
130165,0,0
130166,3,3
130168,4,2
130169,3,1
130170,1,1
130173,4,1
130182,4,1
130186,3,2
130194,1,1
130204,1,1
130206,0,0
130208,1,1
130220,0,0
130230,0,1
130232,1,1
130234,0,0
130237,2,1
130250,4,3
130254,2,1
130255,2,0
130278,0,0
130279,2,0
130282,0,0
130290,0,0
130297,1,0
130311,1,1
130313,0,0
130319,2,1
130321,2,1
130325,0,0
130328,0,0
130340,4,3
130350,3,1
130355,0,0
130361,4,3
130362,2,1
130374,4,3
130375,0,0
130423,0,0
130425,1,0
130432,0,1
130441,0,2
130449,2,1
130452,1,0
130454,0,0
130463,0,0
130479,0,1
130486,0,0
130490,4,2
130500,1,2
130528,2,1
130533,0,0
130543,1,1
130550,0,0
130565,0,0
130566,2,1
130572,4,2
130592,0,0
130608,3,0
130612,1,0
130613,4,3
130630,0,1
130642,2,0
130662,0,0
130666,1,1
130669,1,0
130672,2,1
130675,0,0
130697,0,0
130700,1,1
130710,4,2
130722,0,0
130728,2,2
130731,1,0
130732,0,0
130740,0,0
130743,1,0
130746,2,2
130748,1,0
130759,2,2
130763,2,0
130772,0,0
130777,0,0
130784,2,1
130785,3,3
130791,2,1
130793,2,1
130814,1,1
130824,0,0
130826,2,1
130838,0,0
130841,1,0
130847,2,1
130848,2,0
130852,1,1
130853,1,1
130856,0,0
130859,2,0
130869,2,1
130872,0,1
130875,2,2
130882,2,1
130889,1,1
130893,2,0
130895,2,0
130906,4,3
130919,0,0
130940,2,2
130953,2,0
130955,1,2
130974,2,1
130982,1,1
130989,0,0
131007,0,0
131016,2,0
131030,2,0
131031,0,0
131035,1,2
131042,1,1
131044,0,0
131063,2,1
131064,0,0
131077,2,1
131083,2,1
131094,2,2
131095,1,0
131109,3,3
131129,1,2
131143,1,1
131147,0,0
131148,4,2
131151,0,0
131158,5,2
131159,4,3
131163,0,1
131170,3,1
131181,4,0
131182,2,2
131201,2,2
131204,0,1
131217,0,0
131223,0,1
131231,2,1
131241,3,2
131245,0,0
131261,0,0
131276,2,1
131278,0,0
131279,3,2
131282,1,0
131289,0,0
131302,2,2
131306,2,1
131312,1,0
131314,0,1
131321,1,1
131322,0,0
131323,0,1
131334,0,0
131335,2,1
131338,0,0
131341,0,0
131349,2,1
131361,3,0
131368,2,1
131375,1,3
131377,0,0
131389,2,0
131390,0,0
131391,4,3
131404,2,2
131407,0,0
131416,4,1
131418,3,1
131421,0,0
131433,1,0
131453,0,0
131454,4,3
131460,0,0
131464,2,1
131470,4,1
131485,3,0
131486,2,0
131488,0,1
131493,0,0
131501,1,1
131520,1,1
131522,1,0
131523,1,0
131540,2,2
131546,1,0
131549,0,0
131561,0,0
131574,4,1
131582,4,1
131587,2,0
131596,0,0
131598,0,0
131605,4,3
131616,0,0
131620,0,0
131630,0,0
131634,0,0
131639,2,1
131648,1,1
131666,1,0
131673,5,2
131676,1,0
131678,3,2
131682,2,0
131698,2,1
131705,1,0
131714,2,3
131715,1,1
131728,0,0
131738,0,0
131744,2,0
131750,0,1
131751,0,0
131756,1,2
131757,0,0
131760,4,1
131768,0,1
131784,4,3
131785,2,1
131789,0,1
131790,2,0
131794,4,3
131801,3,3
131835,0,0
131850,3,1
131851,1,0
131857,2,1
131867,1,0
131868,1,0
131870,2,0
131880,1,1
131885,2,1
131888,1,0
131893,3,0
131896,2,1
131898,0,0
131911,4,3
131912,2,1
131940,0,0
131948,0,0
131960,0,0
131962,0,1
131966,0,1
131984,4,1
131986,2,1
131991,0,0
131993,4,1
131999,3,2
132001,4,3
132003,0,1
132022,0,0
132040,1,0
132045,5,2
132049,1,1
132052,3,1
132059,0,0
132066,2,1
132070,2,1
132076,1,1
132088,0,0
132089,1,1
132103,2,1
132108,2,3
132109,0,0
132127,1,1
132131,2,1
132132,0,0
132133,1,0
132134,2,0
132135,4,2
132144,0,0
132151,4,1
132154,0,0
132158,2,2
132159,1,1
132161,3,2
132164,0,0
132168,2,2
132192,0,1
132201,0,0
132203,2,2
132205,4,3
132206,0,0
132208,0,0
132218,0,0
132221,0,0
132235,1,2
132236,3,1
132243,3,1
132254,3,2
132263,1,1
132291,0,0
132293,0,1
132297,0,1
132303,1,2
132308,0,0
132315,0,0
132321,1,1
132325,0,0
132326,2,1
132330,0,0
132345,0,1
132346,1,1
132350,2,1
132396,0,0
132415,0,1
132428,0,0
132433,0,0
132437,0,1
132438,0,0
132441,1,0
132442,5,2
132450,0,0
132456,0,1
132458,2,1
132459,2,0
132461,2,1
132467,1,1
132468,1,0
132483,0,0
132484,0,0
132491,3,1
132495,0,1
132512,0,0
132515,2,1
132521,2,1
132534,0,1
132542,0,0
132544,2,3
132549,1,0
132555,3,1
132561,0,0
132577,2,1
132578,0,0
132582,0,1
132585,3,0
132589,3,0
132600,1,1
132606,0,0
132612,3,3
132613,1,1
132620,0,0
132622,0,1
132628,0,1
132632,0,0
132636,1,0
132638,2,0
132644,0,0
132649,1,1
132652,4,1
132658,3,2
132660,0,0
132666,2,1
132671,3,1
132678,1,0
132685,3,0
132689,3,2
132700,1,1
132707,0,0
132715,3,2
132718,0,0
132721,0,0
132722,0,0
132725,0,0
132734,1,1
132737,2,1
132741,2,1
132745,2,1
132750,4,2
132755,1,1
132762,3,0
132772,0,1
132781,3,2
132791,0,0
132793,0,0
132800,0,2
132803,2,0
132820,0,0
132822,0,0
132825,4,3
132834,2,2
132836,1,0
132841,2,2
132843,4,3
132845,1,0
132846,4,2
132851,2,1
132852,1,1
132868,0,0
132869,0,1
132872,1,1
132875,0,1
132879,2,1
132883,0,0
132885,1,1
132886,3,2
132887,1,1
132888,2,1
132890,0,0
132891,1,0
132893,2,0
132898,3,1
132906,3,1
132909,1,0
132910,0,0
132915,0,0
132921,4,1
132924,0,0
132925,1,0
132932,1,1
132934,3,0
132947,0,0
132959,2,2
132961,4,3
132962,0,0
132975,4,3
132979,2,1
132982,2,1
132988,2,0
133001,2,2
133017,0,1
133025,2,1
133035,2,0
133048,0,0
133050,0,0
133052,0,0
133055,1,1
133057,2,0
133059,4,0
133064,2,1
133075,0,0
133081,2,0
133082,2,2
133087,1,0
133088,5,2
133100,2,1
133106,2,2
133108,2,1
133109,2,1
133121,2,2
133134,0,0
133141,0,0
133143,2,1
133146,1,0
133147,3,2
133150,1,1
133152,0,1
133154,3,1
133171,3,2
133176,1,0
133195,2,0
133207,2,0
133216,2,2
133222,0,0
133224,1,0
133226,2,0
133230,1,1
133246,0,0
133251,2,1
133256,0,0
133263,1,0
133266,2,1
133267,2,0
133272,2,1
133280,0,0
133308,2,2
133309,1,1
133310,1,1
133313,2,0
133315,2,1
133317,0,0
133320,0,1
133343,0,1
133345,0,0
133349,2,1
133350,0,0
133351,4,3
133356,0,0
133360,2,2
133364,1,0
133374,0,0
133378,1,1
133391,0,0
133401,2,1
133405,4,3
133408,1,1
133421,3,1
133429,0,0
133450,0,1
133457,1,2
133482,2,0
133503,3,1
133508,3,1
133509,4,3
133515,0,0
133525,4,3
133526,0,0
133529,0,0
133532,0,0
133545,2,2
133551,0,0
133555,0,0
133559,3,2
133560,1,1
133564,0,2
133571,1,0
133575,5,2
133584,0,0
133610,4,1
133612,0,0
133622,0,0
133623,1,1
133630,0,0
133631,0,1
133635,0,0
133637,2,1
133642,0,0
133643,2,1
133654,0,0
133662,4,1
133676,0,0
133679,0,1
133682,2,1
133688,0,0
133694,2,1
133698,2,1
133701,0,1
133703,1,1
133708,3,1
133721,3,1
133758,0,0
133761,0,0
133766,1,0
133767,0,1
133786,1,0
133794,0,0
133798,0,0
133813,2,1
133816,2,1
133821,0,2
133823,0,0
133830,2,1
133835,4,3
133837,4,3
133843,0,0
133849,0,0
133856,1,1
133864,1,2
133868,3,2
133872,1,1
133873,4,3
133875,0,0
133885,2,1
133900,2,1
133911,1,2
133936,0,0
133948,0,0
133956,0,0
133958,2,2
133963,4,3
133972,0,0
133976,4,3
134000,3,2
134002,0,0
134007,1,3
134015,4,3
134026,2,1
134028,4,3
134032,2,1
134034,0,0
134037,1,1
134047,0,1
134050,2,1
134065,0,0
134086,2,2
134090,2,1
134093,0,0
134104,2,3
134106,0,0
134107,3,2
134124,2,2
134138,0,0
134152,2,1
134159,2,1
134160,0,0
134166,0,1
134170,0,0
134185,4,2
134192,3,2
134197,0,0
134201,0,0
134202,1,2
134220,0,1
134223,2,2
134224,2,1
134245,2,1
134255,2,0
134265,3,1
134270,0,0
134275,1,0
134282,2,2
134285,1,1
134289,2,0
134302,0,1
134317,4,1
134322,3,1
134323,2,5
134324,0,0
134327,3,0
134329,0,1
134330,3,2
134333,0,1
134335,4,3
134336,1,1
134350,1,1
134351,0,1
134358,1,1
134362,4,2
134375,2,0
134377,3,0
134385,5,1
134386,4,1
134389,4,0
134398,2,0
134401,0,1
134411,0,0
134417,0,0
134432,3,1
134444,0,0
134447,2,1
134449,3,2
134456,2,1
134463,0,1
134464,4,2
134468,1,1
134482,0,1
134494,1,0
134497,4,0
134498,4,3
134508,0,0
134512,2,1
134519,2,0
134530,1,1
134539,0,1
134557,1,1
134566,1,0
134574,1,0
134583,4,1
134589,0,0
134592,3,0
134597,2,1
134602,0,1
134611,0,1
134613,0,0
134623,2,1
134625,3,1
134641,2,0
134642,0,1
134647,1,3
134653,3,1
134667,3,1
134668,1,0
134670,2,0
134676,0,0
134677,0,0
134685,0,0
134691,1,1
134703,0,0
134706,2,0
134735,4,3
134737,2,1
134747,2,0
134750,2,0
134757,0,0
134759,2,0
134767,0,0
134769,4,3
134770,2,0
134773,1,2
134783,5,2
134802,1,1
134817,0,1
134822,2,1
134824,0,0
134825,0,1
134835,4,3
134846,0,0
134848,0,0
134852,2,0
134854,0,0
134855,1,0
134857,0,0
134866,2,0
134868,1,0
134888,2,1
134892,1,0
134895,4,3
134896,0,0
134900,4,0
134909,3,1
134916,1,1
134923,0,0
134925,0,0
134928,0,0
134931,3,2
134932,0,1
134933,3,2
134938,2,1
134943,2,1
134962,3,1
134964,0,0
134967,0,0
134968,0,1
134977,2,2
134978,2,2
134989,1,0
134990,0,0
134999,1,0
135006,1,3
135008,0,0
135010,1,0
135017,0,0
135025,1,1
135030,1,0
135035,0,1
135040,1,0
135046,0,1
135047,2,1
135065,2,0
135067,0,0
135074,0,0
135078,4,3
135089,0,0
135090,0,0
135091,0,1
135105,1,2
135111,0,0
135115,1,2
135122,1,2
135123,0,0
135125,0,1
135140,0,0
135194,0,0
135197,4,3
135198,0,0
135204,1,2
135214,1,1
135215,3,1
135219,2,1
135220,0,1
135229,0,0
135235,2,0
135237,0,0
135243,0,1
135245,0,0
135251,0,0
135254,0,0
135261,4,3
135267,0,0
135268,2,1
135270,2,0
135297,2,1
135304,3,0
135326,2,2
135333,0,0
135335,2,1
135336,5,2
135340,2,2
135343,0,0
135349,1,1
135363,0,0
135371,0,1
135385,2,0
135400,4,3
135406,1,2
135408,2,1
135411,2,5
135413,3,1
135415,0,0
135430,0,0
135437,0,0
135439,1,1
135441,0,0
135444,2,1
135452,2,1
135453,5,2
135466,4,1
135477,0,0
135480,1,0
135483,2,0
135485,2,2
135489,2,1
135492,0,1
135497,0,1
135509,1,0
135511,0,0
135518,1,1
135526,3,1
135530,2,1
135535,1,0
135550,0,0
135553,1,0
135556,0,1
135557,0,0
135561,3,2
135564,4,2
135581,0,0
135582,4,0
135587,0,0
135588,1,2
135591,5,2
135593,1,0
135595,0,0
135599,0,1
135611,3,1
135632,0,0
135633,2,0
135642,0,0
135643,1,1
135646,4,3
135648,0,1
135650,0,0
135652,0,0
135658,0,0
135668,2,1
135671,4,1
135681,2,1
135685,2,1
135689,0,0
135690,0,0
135691,1,2
135695,1,2
135703,4,2
135714,4,3
135720,2,2
135726,0,0
135734,0,0
135737,2,1
135742,0,0
135766,2,1
135767,4,2
135784,4,1
135785,0,0
135791,3,2
135795,1,0
135798,1,0
135799,0,1
135803,2,1
135804,0,0
135807,0,0
135808,0,0
135811,3,0
135819,2,1
135827,0,0
135832,0,0
135833,2,1
135838,0,0
135841,0,0
135845,0,0
135852,3,1
135855,2,1
135857,1,1
135858,1,1
135861,0,0
135863,1,1
135873,0,0
135892,1,1
135901,0,0
135904,0,0
135911,1,1
135918,0,0
135920,2,1
135922,2,0
135926,0,0
135937,0,0
135954,1,0
135958,3,2
135961,4,1
135973,1,0
135974,1,0
135976,0,1
135980,0,0
135982,4,3
135995,1,1
135996,3,1
135998,2,2
136001,3,1
136003,2,1
136012,1,1
136045,2,0
136048,3,4
136051,2,2
136061,3,1
136067,1,1
136070,1,1
136084,2,0
136090,4,0
136095,0,0
136099,1,1
136107,2,0
136116,2,0
136131,2,1
136132,4,3
136140,2,1
136146,0,1
136152,2,0
136167,2,0
136185,1,1
136189,1,0
136191,1,1
136210,3,2
136214,0,2
136215,3,1
136218,3,1
136231,3,1
136240,2,0
136242,0,0
136246,3,1
136255,4,1
136263,3,3
136265,2,2
136270,4,3
136279,0,0
136285,1,2
136320,5,2
136324,2,2
136335,1,2
136336,0,1
136338,3,1
136340,2,2
136352,0,0
136356,2,0
136361,0,1
136364,0,1
136369,3,1
136374,3,2
136379,0,0
136382,1,2
136385,1,1
136393,4,3
136408,0,0
136410,1,0
136423,0,0
136425,2,1
136446,0,0
136458,4,3
136459,0,0
136466,0,0
136469,1,0
136481,0,0
136483,0,1
136484,4,1
136491,0,0
136493,2,0
136500,0,0
136504,4,1
136508,0,0
136509,0,0
136514,3,2
136517,1,0
136519,1,0
136536,0,0
136542,3,2
136562,0,0
136572,2,0
136586,2,1
136589,0,0
136596,3,0
136607,2,1
136611,0,0
136627,2,2
136637,4,2
136647,2,1
136652,2,2
136666,2,2
136683,4,3
136686,0,0
136699,2,1
136701,3,4
136704,0,0
136714,3,1
136729,2,0
136730,0,0
136732,0,0
136769,3,1
136770,4,1
136781,3,1
136785,3,2
136792,3,0
136808,0,1
136816,3,4
136824,2,1
136826,0,0
136829,2,1
136837,4,2
136841,0,0
136844,4,3
136862,2,1
136863,0,0
136866,4,0
136878,0,0
136879,2,1
136882,2,0
136887,0,0
136893,3,1
136895,1,1
136907,2,1
136911,0,0
136913,0,0
136914,2,2
136918,2,2
136920,0,0
136925,4,3
136927,0,1
136936,0,1
136937,0,0
136938,2,0
136939,4,3
136940,0,0
136947,0,0
136953,0,0
136963,1,1
136965,0,1
136971,1,2
136972,1,0
136979,0,0
136982,2,1
136984,2,1
136991,2,1
137008,2,1
137024,0,1
137029,2,2
137059,0,0
137066,3,1
137067,0,0
137069,4,2
137074,0,0
137075,0,1
137078,0,0
137083,2,1
137086,1,1
137113,3,2
137114,1,0
137115,0,0
137126,4,2
137130,0,0
137132,0,0
137141,0,0
137147,1,1
137155,0,0
137156,0,0
137157,1,1
137168,0,0
137169,2,1
137170,2,1
137171,3,0
137182,3,2
137198,1,1
137211,2,0
137241,0,0
137245,2,1
137246,0,0
137247,3,1
137254,0,1
137264,1,2
137269,5,2
137271,2,1
137279,2,5
137283,0,0
137284,0,0
137287,1,0
137306,4,3
137309,0,0
137321,4,1
137327,0,1
137329,1,2
137331,3,0
137342,0,0
137355,3,4
137364,1,1
137373,0,0
137389,1,1
137402,2,2
137412,4,3
137415,3,1
137438,3,2
137452,1,0
137454,1,0
137456,4,1
137458,2,1
137461,0,0
137465,0,0
137467,2,0
137471,0,0
137472,4,3
137486,4,0
137487,0,2
137491,1,1
137501,3,2
137502,2,1
137506,4,2
137514,0,2
137516,2,1
137525,2,1
137527,0,1
137541,3,0
137561,1,0
137569,2,1
137580,2,1
137581,0,0
137588,3,1
137595,4,3
137596,1,0
137598,0,0
137605,3,1
137614,2,0
137615,0,0
137620,0,0
137648,2,1
137649,1,1
137656,0,1
137666,3,1
137667,1,1
137670,0,0
137672,4,3
137675,0,0
137679,2,0
137683,1,0
137715,2,1
137719,0,0
137720,2,0
137724,0,0
137725,2,1
137726,0,0
137727,4,3
137734,2,2
137742,2,1
137746,0,0
137761,3,1
137763,0,1
137792,0,0
137800,1,0
137806,0,0
137811,0,0
137815,0,0
137821,2,0
137832,0,0
137834,2,0
137839,0,0
137840,4,3
137843,0,0
137846,2,0
137847,4,1
137858,4,3
137860,0,0
137867,2,1
137876,0,0
137877,2,0
137881,1,1
137884,2,1
137897,0,0
137904,0,1
137921,3,2
137949,0,0
137957,0,0
137958,4,1
137960,0,1
137970,1,1
137983,1,1
137986,2,1
137990,0,0
137991,0,0
138000,1,2
138001,0,0
138002,0,0
138003,0,1
138004,0,1
138005,2,1
138009,0,0
138011,2,0
138014,0,1
138015,0,0
138028,5,2
138035,0,0
138056,2,0
138057,2,1
138064,0,0
138069,1,1
138071,0,0
138073,1,2
138075,0,0
138092,3,1
138094,2,1
138097,0,0
138102,0,0
138112,0,0
138114,0,0
138118,2,0
138125,3,2
138129,1,2
138142,2,1
138143,0,0
138157,0,0
138163,3,2
138227,0,0
138230,0,0
138232,1,1
138247,0,0
138262,1,0
138267,0,0
138268,3,1
138277,2,2
138281,4,1
138282,0,0
138290,0,0
138302,0,1
138319,1,0
138320,3,1
138329,3,1
138332,0,0
138337,0,0
138343,4,3
138348,0,0
138351,2,1
138354,2,1
138365,1,1
138366,0,0
138375,2,1
138379,3,1
138380,0,0
138382,0,2
138383,0,0
138386,2,1
138387,0,1
138393,4,1
138396,0,0
138410,3,2
138415,1,0
138441,0,0
138447,0,0
138450,0,0
138454,2,1
138457,1,0
138458,0,1
138460,0,0
138465,2,1
138466,1,1
138475,1,1
138486,0,0
138487,4,1
138505,4,3
138507,3,1
138512,0,0
138514,2,1
138517,3,0
138519,2,0
138523,1,0
138524,2,1
138529,2,1
138540,1,1
138543,3,1
138545,0,0
138550,3,1
138554,3,0
138557,4,2
138560,0,0
138567,0,0
138568,0,0
138570,0,0
138571,2,1
138592,2,2
138597,0,0
138607,2,1
138608,1,1
138609,1,1
138610,2,2
138617,2,1
138618,0,1
138622,0,0
138623,3,1
138624,3,0
138634,4,1
138637,2,1
138643,0,0
138645,1,0
138648,0,0
138649,2,1
138650,1,1
138662,2,1
138666,4,3
138671,0,0
138673,2,1
138685,0,1
138686,2,1
138689,3,1
138692,2,1
138693,2,2
138721,4,1
138734,2,2
138753,2,0
138757,2,1
138763,0,0
138764,0,0
138787,0,0
138797,1,1
138798,0,0
138803,1,0
138810,2,2
138815,0,0
138816,2,2
138818,0,1
138821,0,0
138840,2,1
138842,0,0
138850,1,1
138863,2,3
138866,0,0
138870,1,0
138871,0,0
138880,1,0
138895,2,0
138904,2,2
138909,0,0
138911,2,1
138916,4,3
138928,2,1
138941,0,0
138947,4,1
138955,2,1
138958,2,0
138966,0,0
138977,2,1
138993,2,1
138994,3,1
138999,1,1
139003,2,2
139007,0,0
139018,2,0
139019,0,0
139022,0,0
139027,1,1
139031,2,1
139033,2,0
139038,4,0
139050,0,1
139058,1,0
139061,0,0
139062,1,2
139075,0,0
139080,3,1
139095,1,0
139096,0,0
139113,2,1
139123,4,2
139124,2,1
139141,2,1
139144,1,0
139145,1,1
139147,2,1
139155,0,1
139156,0,0
139157,1,0
139158,1,0
139163,1,0
139171,4,2
139174,1,1
139176,4,0
139177,0,1
139181,0,0
139187,0,0
139191,0,0
139196,0,0
139198,2,2
139202,1,2
139225,4,3
139244,2,1
139246,2,2
139250,1,1
139259,1,2
139264,4,1
139270,0,0
139274,3,1
139280,1,1
139289,3,2
139290,2,1
139292,0,0
139293,1,1
139299,2,3
139304,3,0
139306,3,2
139309,4,2
139333,0,0
139345,0,0
139366,3,0
139373,1,2
139379,0,1
139385,1,0
139395,1,1
139396,0,0
139401,5,2
139404,0,0
139407,1,3
139416,1,1
139429,2,1
139434,0,0
139443,1,1
139456,0,0
139457,2,1
139460,2,1
139462,0,0
139468,1,0
139469,0,0
139480,1,1
139482,0,1
139485,1,2
139498,0,0
139500,4,3
139505,2,1
139512,0,1
139513,0,0
139515,2,1
139516,0,0
139520,2,0
139535,2,1
139540,0,1
139563,3,1
139569,5,2
139577,3,2
139588,0,0
139606,2,1
139608,0,0
139614,2,1
139619,4,2
139624,0,0
139632,0,0
139644,3,1
139686,4,3
139689,3,1
139697,0,1
139710,4,1
139712,0,0
139754,0,0
139759,0,0
139762,1,1
139764,0,0
139770,2,1
139778,2,1
139783,3,0
139789,5,2
139798,0,0
139810,4,3
139815,2,0
139819,0,0
139825,0,0
139838,0,0
139865,0,0
139869,2,1
139884,2,1
139890,0,0
139895,3,2
139899,2,0
139907,3,0
139910,0,0
139913,1,1
139923,2,0
139937,1,0
139943,4,2
139953,1,0
139959,2,0
139970,0,1
139971,2,1
139976,4,2
139983,3,1
139987,0,0
139993,1,1
139998,2,2
140013,2,1
140015,0,0
140027,2,1
140034,0,2
140040,1,1
140062,1,0
140081,2,0
140097,2,0
140098,3,1
140101,2,1
140106,2,1
140110,2,2
140115,0,0
140117,3,3
140118,0,1
140125,3,1
140141,0,0
140142,4,3
140143,3,0
140144,0,0
140146,2,0
140147,2,2
140148,0,1
140150,0,0
140151,2,1
140159,0,0
140165,3,1
140168,2,1
140170,3,1
140188,0,0
140208,0,0
140213,1,0
140231,1,1
140241,2,1
140244,0,0
140246,3,1
140248,1,0
140250,3,3
140254,2,0
140264,4,2
140265,0,0
140269,0,0
140272,2,3
140274,1,1
140278,0,0
140294,0,0
140296,2,1
140304,0,0
140314,2,2
140323,1,1
140336,0,0
140341,2,0
140342,1,0
140353,0,0
140364,0,0
140366,0,0
140371,1,0
140372,0,0
140376,0,0
140379,3,2
140383,2,1
140384,0,0
140386,4,1
140390,3,4
140402,2,5
140407,0,0
140410,1,1
140413,2,1
140419,1,0
140442,2,1
140449,0,0
140461,1,2
140465,4,3
140468,1,1
140479,2,0
140486,0,0
140495,3,1
140504,2,0
140517,1,1
140518,1,2
140519,0,0
140522,0,0
140528,4,1
140530,0,2
140538,0,0
140539,1,1
140540,1,1
140545,0,0
140549,3,2
140558,1,1
140566,1,0
140569,0,0
140574,0,1
140575,0,0
140577,2,0
140580,0,0
140586,0,0
140593,0,0
140599,2,1
140621,5,2
140625,1,1
140626,0,0
140630,4,1
140645,2,1
140648,0,0
140657,1,1
140682,0,0
140690,4,3
140707,0,1
140739,0,0
140753,4,2
140758,0,0
140766,2,1
140770,4,3
140773,0,0
140777,3,1
140780,1,1
140792,0,1
140800,4,0
140805,2,1
140829,0,0
140832,1,2
140841,0,0
140842,0,0
140850,2,1
140852,1,2
140861,3,1
140875,0,0
140878,0,0
140884,1,0
140887,0,0
140892,1,1
140893,0,0
140897,3,1
140901,2,1
140905,1,1
140907,4,1
140916,2,1
140917,4,3
140933,2,1
140943,2,1
140946,0,0
140953,0,0
140966,2,1
140972,0,0
140975,0,0
140986,2,1
140989,2,0
140995,4,3
141001,2,0
141015,0,0
141019,4,1
141023,0,0
141033,0,1
141037,3,2
141041,0,0
141048,0,0
141050,4,3
141059,4,1
141063,3,1
141067,0,0
141073,2,1
141082,1,0
141085,3,1
141092,1,2
141095,1,2
141096,5,2
141103,0,0
141107,3,1
141116,2,0
141118,1,1
141123,1,1
141131,3,2
141148,0,0
141152,1,0
141161,2,1
141202,2,3
141203,2,1
141204,2,1
141205,1,0
141206,2,2
141207,4,2
141209,0,0
141212,2,1
141213,0,0
141217,0,0
141221,0,0
141226,4,1
141227,4,3
141233,0,0
141238,2,1
141239,0,0
141240,3,1
141241,2,1
141246,3,1
141272,2,1
141273,1,1
141280,3,1
141283,0,0
141294,0,2
141305,1,1
141338,0,0
141344,3,0
141346,0,2
141350,4,1
141361,2,0
141397,0,0
141401,0,0
141403,1,1
141406,1,0
141409,1,0
141418,4,0
141420,0,0
141421,2,1
141427,1,1
141431,0,0
141438,0,0
141452,1,0
141454,1,1
141455,4,0
141456,2,1
141457,2,1
141458,2,2
141497,0,0
141498,4,1
141517,2,1
141521,2,5
141523,0,1
141529,3,1
141534,0,2
141535,0,0
141537,2,0
141544,1,2
141546,3,1
141558,0,0
141561,0,0
141563,3,1
141567,2,1
141580,3,2
141581,0,0
141584,0,0
141592,4,1
141599,1,1
141612,0,0
141617,4,3
141624,0,0
141630,4,3
141634,4,3
141650,0,0
141652,0,0
141664,2,1
141665,1,1
141669,2,2
141670,2,1
141677,3,2
141678,0,0
141680,0,0
141683,3,3
141686,1,1
141688,3,1
141692,4,3
141693,2,0
141694,0,1
141695,0,0
141698,1,1
141706,3,2
141709,2,2
141724,3,0
141733,1,3
141755,0,0
141764,1,1
141768,1,0
141774,3,2
141784,2,0
141785,2,1
141788,0,0
141791,2,1
141801,2,1
141806,1,0
141807,0,1
141810,2,0
141812,0,0
141813,1,1
141816,1,1
141818,0,1
141829,2,2
141832,3,0
141851,5,2
141869,2,2
141878,0,0
141886,2,1
141888,1,1
141897,0,2
141923,2,2
141930,1,0
141932,2,1
141939,2,1
141949,0,0
141960,0,0
141969,0,0
141978,0,0
141991,0,0
141994,4,1
142001,1,1
142008,0,0
142017,0,0
142021,0,1
142027,1,1
142029,0,0
142033,1,0
142037,1,0
142038,2,1
142054,1,1
142076,1,1
142092,4,3
142098,1,1
142099,0,0
142108,4,3
142114,2,0
142117,3,2
142120,4,1
142124,0,1
142132,4,1
142142,2,1
142151,0,0
142153,0,0
142155,2,2
142156,0,0
142157,1,1
142168,2,1
142170,3,2
142171,3,2
142176,0,0
142182,2,2
142183,3,3
142198,0,0
142212,2,0
142215,0,1
142218,0,0
142219,1,0
142221,1,0
142223,3,1
142224,0,0
142229,1,1
142249,3,0
142264,4,3
142274,2,0
142275,2,1
142281,2,1
142293,2,2
142301,4,2
142318,3,1
142320,2,1
142324,0,0
142329,1,1
142331,2,1
142336,0,1
142351,0,0
142354,2,1
142355,1,0
142357,3,3
142358,4,3
142362,0,0
142363,0,1
142364,0,1
142367,2,1
142380,0,0
142386,0,0
142387,0,1
142389,0,1
142391,0,0
142392,4,3
142393,0,0
142414,0,0
142418,1,1
142422,2,1
142430,0,0
142454,0,0
142465,0,0
142473,0,1
142474,3,2
142475,3,0
142498,2,2
142507,0,0
142512,0,1
142516,4,1
142517,2,0
142518,5,2
142519,1,0
142528,1,1
142529,2,1
142550,2,2
142552,1,3
142554,0,0
142557,2,1
142579,0,0
142581,0,0
142582,2,1
142583,0,0
142584,0,0
142594,1,1
142596,0,0
142601,3,3
142609,3,2
142624,4,1
142639,3,1
142645,3,0
142647,0,0
142651,1,0
142655,0,0
142657,0,0
142663,1,1
142678,0,0
142680,2,1
142688,2,1
142694,1,0
142695,1,1
142701,1,0
142712,1,2
142720,0,0
142744,3,1
142754,0,0
142766,0,1
142777,0,2
142788,0,0
142795,0,0
142797,2,1
142808,0,0
142814,3,1
142820,2,1
142821,1,1
142822,1,1
142842,0,0
142850,2,2
142851,0,1
142852,1,1
142859,2,1
142860,3,0
142861,2,1
142862,2,0
142863,0,0
142864,4,3
142865,2,1
142866,3,3
142881,3,2
142884,2,0
142885,1,1
142899,3,1
142909,0,0
142915,2,2
142918,4,3
142924,4,3
142929,0,1
142937,1,0
142946,1,1
142960,1,0
142962,0,0
142966,2,1
142967,2,1
142975,0,0
142979,0,0
142991,0,1
142994,4,0
142995,1,1
142996,2,1
142998,3,4
142999,0,0
143005,3,0
143007,1,1
143009,2,1
143013,0,0
143023,4,2
143025,0,1
143039,1,0
143071,0,0
143086,0,0
143087,0,0
143093,4,2
143102,1,1
143109,3,1
143114,4,3
143118,2,1
143128,0,0
143132,1,2
143138,2,1
143241,2,1
143242,2,1
143256,2,1
143260,2,0
143263,1,1
143270,0,0
143286,0,0
143287,1,1
143288,2,1
143289,0,0
143294,0,0
143304,0,1
143310,2,1
143314,1,1
143317,1,1
143325,0,0
143335,2,2
143342,0,0
143344,4,3
143361,2,1
143363,2,1
143369,0,0
143372,2,2
143385,0,1
143392,0,0
143403,0,0
143413,0,0
143415,1,1
143417,2,3
143421,0,0
143422,2,1
143425,3,2
143446,0,0
143462,2,3
143463,3,1
143465,2,2
143466,1,1
143467,0,1
143469,2,1
143486,0,0
143495,2,1
143497,2,1
143518,0,0
143522,0,0
143523,0,0
143528,1,0
143529,2,1
143532,0,0
143540,4,2
143545,1,0
143550,2,1
143555,1,1
143556,1,0
143562,0,1
143567,1,1
143570,0,0
143575,4,1
143579,0,0
143584,1,0
143594,0,0
143601,3,1
143618,1,1
143620,1,0
143626,0,0
143631,0,0
143639,0,1
143650,2,1
143652,1,0
143654,2,1
143667,4,1
143685,2,1
143686,0,0
143689,1,0
143693,0,0
143699,0,0
143710,2,1
143718,2,1
143730,4,1
143732,5,2
143733,2,1
143738,0,0
143743,2,1
143745,2,1
143750,4,3
143752,2,1
143757,1,1
143760,1,0
143761,4,1
143768,2,2
143784,1,0
143788,4,1
143790,4,2
143792,2,1
143806,4,3
143812,0,1
143813,0,1
143829,1,1
143839,0,1
143857,1,1
143863,0,0
143868,4,0
143870,2,1
143872,0,0
143875,4,2
143880,2,0
143885,4,2
143889,0,1
143895,1,0
143902,1,1
143911,5,2
143918,0,1
143934,2,5
143938,0,0
143950,2,1
143953,4,1
143955,2,2
143974,4,3
143978,1,0
143989,2,1
143993,0,0
143994,0,0
143996,0,0
144005,4,3
144019,0,0
144034,3,2
144035,0,0
144036,2,1
144041,2,1
144054,0,0
144057,3,0
144063,1,2
144068,2,2
144069,2,2
144073,1,1
144077,3,1
144078,0,0
144082,2,1
144083,1,1
144085,4,3
144094,0,0
144095,0,0
144104,3,4
144118,1,1
144130,2,1
144145,4,1
144150,0,0
144163,1,1
144176,1,1
144179,0,0
144182,3,4
144196,3,1
144200,1,2
144203,1,1
144209,2,1
144210,1,0
144220,2,1
144229,1,1
144232,4,2
144237,0,0
144239,0,0
144244,0,1
144250,0,0
144255,3,1
144261,1,1
144263,4,2
144267,0,1
144275,3,0
144278,2,1
144284,4,3
144285,1,0
144286,4,3
144301,0,0
144304,3,0
144310,2,0
144329,2,1
144338,0,2
144349,1,1
144358,0,0
144362,0,0
144363,2,1
144365,2,2
144367,2,0
144369,2,2
144371,0,0
144374,0,0
144381,1,1
144382,0,0
144388,0,0
144398,3,0
144405,0,0
144414,0,1
144417,1,2
144430,0,0
144434,0,1
144445,3,2
144452,0,0
144455,2,0
144468,0,0
144470,0,0
144473,2,1
144478,0,0
144497,0,0
144501,0,0
144507,2,0
144527,0,3
144532,4,0
144555,1,0
144560,2,0
144566,2,0
144571,0,0
144588,0,1
144596,2,1
144599,1,2
144611,0,1
144614,0,0
144616,1,1
144627,2,1
144673,2,0
144677,0,0
144679,1,1
144685,3,1
144695,1,0
144698,2,1
144705,0,1
144714,0,0
144717,0,0
144736,5,2
144753,1,0
144772,0,0
144778,2,2
144780,2,0
144783,0,0
144808,5,2
144812,2,1
144815,0,0
144824,0,0
144825,1,1
144847,3,0
144879,0,0
144890,0,0
144900,4,3
144908,1,1
144914,0,0
144916,2,0
144926,1,1
144933,2,0
144953,2,1
144954,4,3
144967,1,2
144972,2,1
144974,2,1
144979,0,0
144988,0,0
144989,4,2
145006,3,0
145014,0,0
145020,0,0
145022,1,1
145023,1,1
145025,0,0
145028,1,1
145030,2,1
145033,1,1
145041,1,1
145051,0,0
145055,1,0
145060,0,0
145068,3,2
145074,0,0
145079,0,1
145103,1,1
145117,1,0
145118,3,4
145119,1,0
145120,0,0
145144,0,0
145151,1,0
145153,2,1
145165,0,0
145166,1,2
145171,0,0
145176,0,1
145177,0,0
145186,3,2
145197,2,1
145202,0,1
145209,1,1
145224,2,0
145271,1,1
145272,0,1
145278,0,0
145286,0,0
145293,0,1
145300,2,1
145301,4,3
145306,3,1
145313,4,1
145321,0,0
145323,4,3
145329,2,1
145343,3,1
145361,3,1
145370,1,1
145389,0,0
145397,0,0
145415,1,0
145416,2,0
145420,2,0
145433,3,2
145434,1,0
145439,4,3
145454,0,0
145462,0,0
145472,4,2
145478,2,2
145495,2,1
145496,1,1
145497,2,1
145503,0,0
145505,3,2
145506,1,0
145508,1,0
145513,1,0
145519,0,0
145522,1,0
145525,0,1
145536,1,0
145549,0,1
145562,0,0
145563,2,4
145568,1,2
145574,2,2
145577,1,1
145581,2,1
145583,0,0
145616,0,0
145617,1,0
145621,2,1
145625,0,0
145633,2,0
145640,2,1
145650,2,2
145654,1,1
145667,0,0
145678,0,0
145679,0,0
145687,2,1
145702,2,1
145710,2,0
145713,2,3
145716,0,0
145717,2,1
145721,0,0
145722,1,0
145724,1,1
145732,0,0
145746,3,1
145752,4,2
145763,1,2
145773,0,0
145776,2,1
145779,1,2
145781,0,0
145783,3,1
145785,2,1
145790,1,3
145792,2,0
145794,0,0
145796,2,0
145800,0,1
145803,2,1
145804,0,0
145813,4,2
145827,4,3
145837,0,1
145839,2,1
145854,1,2
145856,0,0
145876,2,1
145877,0,0
145882,2,0
145887,2,1
145888,2,1
145891,2,0
145896,1,0
145925,1,1
145934,0,0
145936,0,0
145944,2,0
145960,0,0
145961,0,0
145970,2,1
145976,0,0
145987,3,1
145989,2,2
145995,0,0
146001,2,1
146003,3,1
146004,1,0
146011,0,0
146039,2,1
146051,1,1
146056,2,1
146060,4,3
146066,1,1
146077,0,0
146091,1,1
146092,0,0
146101,2,2
146132,3,1
146133,0,1
146134,2,1
146143,1,1
146144,0,0
146162,0,0
146172,2,0
146182,2,1
146185,1,1
146187,0,0
146193,0,0
146199,0,1
146214,1,0
146219,0,0
146220,0,0
146223,1,1
146230,1,0
146243,2,0
146245,1,1
146260,2,1
146264,3,2
146267,0,0
146275,0,0
146310,0,0
146318,4,3
146319,1,1
146325,5,1
146338,1,0
146347,2,2
146353,1,1
146359,0,0
146368,0,1
146372,3,1
146378,2,1
146389,2,1
146396,0,0
146400,3,2
146407,2,1
146413,2,1
146414,0,0
146415,0,0
146416,3,1
146417,0,1
146422,0,0
146439,0,0
146466,0,0
146479,0,0
146488,2,0
146494,3,1
146552,0,0
146561,2,1
146568,4,1
146595,2,2
146600,2,1
146605,0,0
146607,2,2
146616,3,1
146634,2,2
146635,0,0
146639,2,1
146661,3,0
146662,2,1
146666,2,1
146683,2,1
146688,0,0
146694,0,0
146695,2,1
146713,5,2
146724,0,0
146740,0,0
146746,1,1
146749,0,0
146772,2,1
146782,0,1
146788,0,0
146799,2,1
146806,2,2
146810,2,2
146816,0,0
146819,0,1
146857,0,0
146860,3,1
146865,0,0
146868,2,1
146876,0,0
146883,2,2
146899,2,1
146901,1,1
146916,1,0
146926,2,2
146945,3,1
146955,3,2
147000,3,4
147004,4,3
147015,1,1
147017,2,1
147022,1,1
147023,2,1
147034,0,0
147040,4,3
147044,1,0
147049,2,1
147066,1,3
147068,0,0
147088,0,0
147099,2,2
147101,0,1
147111,1,1
147112,0,0
147122,3,3
147134,1,0
147138,0,0
147139,2,5
147143,1,1
147144,1,1
147155,2,5
147160,4,3
147180,3,0
147188,2,2
147213,0,0
147223,2,2
147231,0,0
147232,3,1
147238,0,0
147278,1,0
147284,3,0
147290,0,0
147291,5,2
147297,1,1
147299,0,0
147309,2,1
147330,1,0
147335,2,0
147353,0,0
147361,0,0
147366,0,0
147372,2,0
147377,2,2
147380,3,2
147413,2,1
147421,0,0
147430,3,1
147433,4,1
147434,4,1
147436,0,0
147448,5,2
147449,1,0
147462,0,0
147466,2,0
147470,3,1
147471,3,2
147478,4,3
147506,2,3
147508,3,2
147518,1,1
147532,4,3
147539,0,0
147544,0,0
147547,0,0
147550,0,0
147555,3,0
147563,0,0
147569,0,0
147572,0,0
147574,5,3
147591,2,1
147595,1,0
147615,4,1
147626,0,0
147641,3,1
147643,3,1
147648,1,1
147654,1,0
147689,0,0
147717,1,0
147719,0,0
147724,2,0
147743,1,0
147752,0,1
147773,0,2
147776,2,1
147777,2,1
147786,1,1
147792,2,1
147802,0,0
147821,4,1
147823,3,1
147837,1,1
147853,4,3
147854,3,1
147874,3,0
147898,1,0
147901,1,1
147903,1,0
147910,2,2
147913,2,1
147919,1,0
147920,2,1
147931,1,1
147945,1,1
147959,0,0
147984,0,0
147988,2,1
147995,1,0
148002,1,2
148014,4,1
148016,1,1
148043,1,1
148056,2,1
148061,1,1
148062,0,0
148064,0,1
148074,1,0
148107,3,3
148122,0,0
148123,2,0
148126,0,0
148129,0,1
148135,4,3
148136,0,0
148153,0,1
148180,0,0
148198,1,2
