90001,1,1
90017,1,3
90028,2,3
90032,2,6
90035,2,3
90051,1,2
90070,1,1
90078,0,2
90079,1,1
90083,3,4
90087,1,0
90089,1,3
90091,0,4
90092,1,2
90093,1,3
90113,2,4
90116,2,3
90132,1,3
90142,1,1
90144,0,0
90149,3,2
90154,1,3
90155,1,6
90162,2,5
90171,2,4
90174,0,0
90175,0,2
90192,1,4
90204,0,1
90206,1,4
90209,0,1
90212,0,4
90213,1,3
90219,1,3
90223,2,4
90224,0,4
90230,1,3
90236,0,2
90247,2,5
90252,3,4
90254,0,0
90256,2,5
90258,1,4
90260,0,1
90275,0,3
90279,2,3
90280,1,1
90290,0,0
90294,1,3
90299,1,1
90320,1,3
90322,0,2
90329,1,0
90335,1,3
90350,2,3
90352,1,2
90359,0,0
90368,2,2
90386,2,5
90388,2,0
90401,0,1
90403,2,5
90407,1,2
90410,1,3
90416,0,0
90417,1,4
90423,0,1
90432,1,2
90436,1,4
90444,1,3
90450,1,3
90468,1,2
90470,1,4
90472,1,1
90486,1,3
90487,2,1
90498,1,1
90503,0,3
90515,1,2
90516,1,3
90525,2,5
90538,1,2
90548,1,4
90549,1,4
90560,1,2
90561,1,3
90573,0,0
90576,2,5
90580,2,3
90581,2,4
90583,1,3
90587,1,1
90593,1,2
90595,1,3
90600,0,1
90605,2,5
90611,1,0
90613,1,4
90619,3,4
90622,0,3
90623,0,0
90626,1,4
90627,1,2
90646,1,0
90652,2,5
90657,1,1
90673,0,3
90681,0,3
90682,1,0
90686,1,2
90696,0,0
90697,2,4
90703,1,3
90707,2,5
90721,1,2
90723,1,3
90725,2,5
90729,1,0
90738,1,2
90739,0,0
90748,1,1
90756,2,5
90766,1,2
90767,1,2
90774,0,2
90785,2,4
90788,0,0
90789,1,3
90812,2,5
90816,1,3
90820,1,2
90826,2,5
90833,1,3
90845,2,5
90857,0,2
90861,3,4
90864,2,2
90873,1,3
90879,2,3
90882,1,2
90886,2,3
90897,1,3
90901,2,5
90902,3,4
90911,1,2
90914,1,3
90931,1,4
90934,1,1
90939,2,4
90946,1,5
90954,2,5
90958,1,1
90969,1,1
90977,1,3
90987,2,3
90995,1,2
90998,0,0
91003,1,3
91020,1,3
91043,0,1
91050,0,1
91060,1,3
91062,0,2
91071,1,0
91076,1,3
91079,1,2
91080,1,3
91050,0,1
91060,1,3
91062,0,2
91071,1,0
91076,1,3
91079,1,2
91080,1,3
91082,3,4
91083,2,3
91099,1,2
91114,3,4
91136,2,3
91138,2,5
91139,2,3
91143,2,4
91164,2,3
91170,1,2
91171,2,3
91172,1,4
91173,1,2
91185,2,3
91189,1,5
91192,1,2
91199,1,4
91204,2,5
91210,1,3
91217,1,3
91218,1,2
91222,1,2
91223,1,2
91226,2,5
91228,2,3
91236,1,3
91245,3,4
91261,1,0
91267,2,4
91270,1,1
91275,2,3
91276,1,3
91278,1,3
91288,1,4
91293,1,4
91294,2,3
91295,2,5
91297,0,1
91305,0,1
91314,0,0
91316,2,5
91317,1,2
91329,1,0
91338,0,0
91342,1,0
91345,1,3
91358,1,1
91361,1,2
91377,0,3
91380,2,5
91386,1,3
91387,0,2
91391,2,5
91399,1,4
91417,0,0
91418,1,1
91421,1,1
91432,3,4
91436,1,2
91438,0,0
91439,2,5
91450,0,0
91459,1,1
91461,1,2
91467,0,3
91473,0,2
91475,3,4
91478,0,3
91480,0,1
91487,1,3
91489,1,0
91501,3,4
91512,1,4
91513,1,2
91516,1,3
91519,1,1
91527,3,4
91533,3,4
91549,1,4
91559,1,3
91562,0,1
91565,2,0
91569,2,5
91577,1,1
91600,1,4
91607,2,5
91621,1,3
91630,0,4
91631,1,3
91632,1,2
91636,1,2
91640,1,2
91641,1,1
91647,0,4
91648,1,5
91653,1,2
91654,1,2
91673,1,1
91677,2,4
91680,1,3
91682,1,1
91688,0,0
91690,1,5
91705,0,2
91706,2,5
91710,1,2
91711,1,4
91717,1,4
91722,2,5
91740,0,0
91744,2,4
91745,2,3
91748,1,1
91749,2,5
91761,2,1
91762,1,3
91772,2,3
91774,1,4
91791,1,3
91793,0,1
91800,1,2
91803,2,2
91804,1,3
91806,1,3
91825,2,5
91830,1,3
91833,3,4
91835,1,1
91852,1,1
91854,1,4
91867,0,2
91872,2,3
91883,1,1
91884,1,2
91890,1,1
91897,2,5
91908,1,4
91909,1,0
91910,1,1
91913,2,3
91914,1,5
91921,2,5
91922,0,2
91925,2,4
91926,0,3
91927,2,5
91941,2,2
91945,1,2
91946,1,4
91947,1,4
91950,2,3
91957,0,1
91971,1,4
91972,1,2
91973,1,1
91974,1,3
91975,1,5
91984,1,2
91991,1,3
92001,1,3
92002,1,1
92024,1,0
92032,1,1
92039,1,3
92050,2,3
92053,1,3
92071,1,0
92095,2,3
92101,1,3
92102,2,5
92111,0,2
92122,1,2
92136,0,3
92138,2,5
92145,1,1
92147,1,5
92156,2,5
92160,2,2
92167,0,0
92168,0,1
92174,1,4
92176,1,2
92178,1,3
92183,2,0
92188,2,3
92196,1,3
92197,1,6
92207,1,1
92217,2,4
92225,2,5
92235,1,2
92237,0,0
92248,1,2
92259,2,4
92263,1,2
92265,1,2
92267,1,3
92272,0,2
92273,0,1
92284,0,1
92285,1,0
92291,0,0
92298,1,2
92303,0,2
92306,2,5
92309,1,2
92314,1,2
92317,0,0
92329,1,5
92330,1,2
92331,1,1
92332,1,2
92336,0,0
92347,1,2
92349,2,0
92351,1,2
92355,2,2
92356,2,5
92368,1,1
92370,0,3
92376,1,3
92379,1,2
92380,1,3
92388,1,4
92389,2,5
92400,2,1
92402,1,3
92403,1,3
92406,1,2
92409,3,4
92414,1,2
92420,1,3
92421,1,0
92433,2,3
92439,2,2
92441,0,0
92450,1,3
92452,0,2
92459,1,1
92460,0,0
92466,2,5
92470,1,3
92475,1,2
92476,2,3
92480,1,2
92491,1,2
92505,1,3
92506,1,2
92525,0,1
92531,1,3
92533,2,5
92549,1,2
92557,1,2
92558,1,4
92562,1,4
92569,1,4
92588,2,3
92592,2,5
92595,0,1
92598,3,3
92605,1,2
92611,2,4
92616,2,5
92625,0,3
92626,2,3
92641,2,4
92645,2,1
92654,2,3
92666,1,3
92668,0,0
92673,1,3
92693,1,3
92704,1,3
92709,1,4
92713,2,5
92733,1,2
92735,2,5
92745,1,6
92746,0,4
92749,3,4
92751,0,2
92765,0,0
92776,1,4
92797,0,0
92805,2,4
92811,1,3
92825,1,3
92829,1,6
92839,1,3
92845,2,3
92847,2,5
92851,2,3
92859,0,3
92860,2,5
92865,0,1
92884,1,4
92899,0,0
92901,1,2
92902,1,0
92906,1,3
92911,1,1
92916,1,4
92920,1,1
92926,1,2
92939,0,0
92940,1,2
92944,1,3
92952,0,0
92956,1,2
92958,1,1
92968,0,0
92974,1,1
93001,0,1
93002,2,5
93011,1,5
93013,2,2
93019,2,3
93021,2,3
93040,2,4
93055,1,3
93058,1,2
93059,4,3
93067,0,0
93077,0,0
93079,0,0
93082,1,2
93085,1,3
93094,1,4
93102,0,0
93103,0,0
93108,1,1
93120,1,3
93131,1,3
93137,0,1
93148,0,1
93159,2,3
93174,1,0
93177,1,2
93186,1,4
93203,1,1
93206,1,4
93213,0,1
93214,1,3
93219,1,2
93228,1,3
93231,1,3
93236,1,4
93243,1,2
93250,2,1
93251,0,3
93256,1,3
93269,1,0
93279,2,3
93282,2,4
93287,3,4
93297,3,4
93299,2,3
93305,2,5
93307,1,2
93314,1,4
93317,1,4
93318,1,2
93320,2,0
93323,2,5
93326,1,3
93341,2,2
93342,2,4
93355,0,2
93369,0,3
93384,1,3
93394,1,3
93396,1,3
93408,1,3
93420,1,1
93426,0,2
93443,1,0
93452,2,5
93456,1,0
93468,1,3
93470,1,2
93474,2,5
93476,1,2
93482,3,3
93484,0,2
93485,1,1
93495,1,2
93514,1,3
93531,2,0
93537,2,5
93538,1,2
93556,1,1
93557,1,3
93573,1,3
93579,1,4
93589,2,3
93593,0,2
93596,1,0
93600,0,0
93610,1,4
93616,0,0
93626,1,1
93631,2,5
93633,0,0
93637,1,4
93638,2,5
93641,1,3
93657,0,1
93661,1,1
93662,2,5
93667,0,0
93669,1,2
93671,3,4
93672,1,4
93678,2,5
93679,1,2
93682,2,5
93685,1,2
93686,1,3
93689,2,4
93690,2,3
93693,1,0
93698,2,4
93706,1,0
93707,0,0
93710,2,5
93715,1,3
93721,0,0
93722,0,0
93729,0,0
93739,0,0
93749,2,5
93758,0,3
93761,1,1
93764,1,2
93774,2,5
93784,1,2
93791,1,2
93794,2,5
93795,2,0
93802,1,1
93813,0,3
93817,1,4
93833,1,1
93834,1,1
93840,1,4
93851,1,4
93858,1,2
93868,2,5
93871,2,5
93877,2,5
93886,1,3
93895,2,5
93903,3,4
93908,1,2
93914,1,4
93920,0,0
93925,1,4
93926,0,3
93927,1,4
93942,3,4
93951,0,3
93953,2,5
93955,1,2
93960,2,3
93963,1,4
93968,0,1
93971,2,3
93978,0,0
93980,1,1
93987,0,2
93991,2,5
93999,1,1
94002,2,5
94009,1,3
94012,1,3
94024,1,2
94028,1,4
94042,1,1
94044,3,4
94048,1,4
94053,0,0
94060,2,5
94062,1,0
94088,1,0
94089,2,5
94091,2,5
94095,3,4
94099,1,3
94105,1,3
94118,1,1
94122,1,2
94130,0,3
94140,1,1
94148,0,3
94157,0,0
94158,1,3
94161,2,4
94163,1,1
94186,0,1
94201,1,3
94212,1,3
94218,2,5
94233,3,3
94238,2,5
94239,1,4
94250,1,1
94257,2,3
94261,1,3
94273,0,0
94293,3,4
94301,1,0
94324,2,3
94325,2,5
94332,0,3
94364,1,3
94368,0,0
94381,2,3
94394,1,1
94402,2,5
94413,1,0
94414,1,4
94428,2,4
94452,0,3
94457,0,2
94462,0,0
94464,2,5
94468,1,3
94477,1,3
94486,1,3
94490,2,3
94491,1,3
94498,2,4
94514,1,0
94522,1,2
94526,1,3
94540,2,5
94561,1,1
94585,1,3
94586,2,1
94587,0,3
94588,1,2
94604,2,3
94619,1,3
94622,2,5
94627,1,4
94641,2,0
94646,1,3
94647,1,2
94648,3,4
94652,1,3
94689,0,0
94695,1,0
94699,2,4
94702,1,1
94704,0,1
94708,0,2
94714,0,2
94721,0,0
94725,2,2
94735,1,3
94739,2,5
94741,0,0
94742,3,3
94755,0,3
94756,3,2
94761,1,1
94769,1,4
94770,1,2
94771,2,2
94773,2,4
94782,2,3
94786,1,0
94830,1,2
94831,0,3
94832,0,0
94833,1,2
94834,2,2
94836,1,1
94842,2,5
94843,1,2
94847,3,4
94849,1,2
94864,0,1
94875,2,3
94881,1,3
94883,0,0
94887,2,5
94893,1,4
94903,0,1
94912,2,2
94914,1,0
94936,1,1
94946,3,4
94952,1,2
94957,2,3
94960,2,5
94986,2,4
94988,0,1
94991,1,1
94997,1,4
95001,1,2
95008,1,1
95010,1,0
95011,0,0
95016,1,3
95026,2,4
95041,1,2
95061,2,5
95063,1,1
95080,3,4
95085,0,1
95094,1,6
95099,1,4
95104,1,0
95111,0,1
95112,1,4
95119,0,0
95121,1,0
95137,2,5
95142,1,2
95144,1,2
95161,1,3
95219,3,4
95224,1,3
95227,2,5
95233,0,0
95241,1,3
95244,1,3
95246,1,2
95252,2,5
95269,0,2
95271,0,1
95273,0,1
95277,1,6
95282,1,3
95284,1,0
95286,1,4
95288,0,1
95320,3,4
95335,1,2
95336,1,3
95349,1,4
95356,1,2
95358,2,5
95359,2,3
95389,1,2
95403,0,1
95410,0,2
95413,1,2
95431,0,0
95437,2,3
95443,1,2
95447,0,3
95451,1,2
95470,0,0
95484,2,5
95487,1,2
95504,1,1
95512,1,3
95519,2,5
95529,1,2
95536,1,1
95542,0,0
95552,2,5
95556,1,2
95563,1,1
95567,2,5
95576,0,2
95585,2,5
95611,0,0
95614,1,4
95615,2,5
95616,2,3
95628,2,5
95645,0,1
95648,1,0
95672,1,2
95674,0,2
95678,2,4
95681,2,4
95696,0,0
95697,1,1
95703,0,0
95717,1,1
95718,2,5
95735,1,2
95744,1,4
95756,0,1
95760,2,3
95766,1,3
95769,1,4
95777,1,1
95785,2,2
95793,2,5
95816,1,3
95820,2,4
95827,0,1
95828,1,4
95852,0,3
95859,1,3
95870,1,0
95872,1,3
95889,0,2
95891,0,1
95904,2,5
95918,2,5
95919,0,1
95921,3,4
95922,1,2
95945,2,5
95959,1,1
95963,1,3
95977,1,3
95987,0,0
95994,2,5
96001,1,0
96002,2,2
96006,1,2
96027,1,4
96035,2,3
96047,0,3
96053,2,5
96059,0,0
96062,2,3
96078,3,4
96088,1,3
96109,2,3
96112,1,2
96113,0,1
96120,1,3
96122,0,2
96125,1,4
96128,3,4
96156,0,0
96160,3,4
96167,0,0
96221,1,3
96243,1,1
96260,0,0
96264,1,2
96274,0,0
96275,2,2
96277,2,5
96278,1,1
96283,1,2
96285,2,3
96298,3,2
96304,1,1
96312,0,2
96314,0,0
96317,0,0
96332,1,5
96354,0,0
96367,1,3
96381,1,0
96383,1,2
96393,0,1
96394,1,1
96396,1,2
96400,0,2
96404,1,1
96411,2,5
96413,1,3
96422,2,4
96437,2,3
96438,3,4
96441,1,2
96447,2,5
96451,0,3
96455,0,1
96465,0,0
96467,2,3
96470,2,4
96479,1,2
96489,3,4
96491,0,2
96492,1,3
96493,1,4
96495,1,2
96496,1,4
96507,1,3
96515,1,2
96531,1,0
96553,1,1
96554,1,2
96566,2,2
96573,0,0
96584,1,1
96588,2,4
96596,0,2
96607,1,3
96611,1,1
96616,0,1
96624,1,2
96649,1,4
96651,1,2
96653,2,5
96661,1,2
96662,0,0
96670,0,0
96674,1,3
96675,1,3
96683,3,4
96698,0,1
96701,1,2
96716,2,5
96727,2,3
96735,1,2
96763,0,0
96766,1,2
96779,0,2
96783,1,1
96793,2,4
96794,1,3
96801,1,2
96806,1,2
96809,1,4
96816,0,1
96819,1,4
96821,1,3
96831,1,4
96834,1,4
96844,0,0
96866,1,3
96870,1,4
96877,0,0
96888,1,0
96890,2,5
96892,2,5
96898,3,4
96901,1,2
96904,1,2
96907,1,0
96912,2,5
96915,2,5
96927,1,6
96935,0,0
96939,2,4
96942,1,3
96951,0,3
96963,0,0
96969,1,2
96991,1,3
96997,1,3
97002,1,3
97004,0,3
97005,2,3
97006,1,3
97007,3,4
97022,1,2
97023,0,0
97033,0,1
97074,2,0
97076,2,4
97078,1,2
97082,1,1
97086,1,3
97091,2,4
97096,1,4
97098,1,2
97099,0,1
97102,1,3
97108,1,3
97112,3,4
97128,0,0
97136,3,4
97137,1,2
97141,1,1
97151,0,0
97160,0,3
97162,2,2
97168,1,4
97172,0,0
97176,0,0
97192,0,1
97201,0,0
97216,1,2
97227,0,2
97231,1,4
97234,1,3
97237,2,4
97243,0,0
97248,2,5
97255,0,2
97258,2,4
97260,1,2
97271,0,0
97276,0,1
97316,1,5
97322,1,4
97337,1,6
97343,1,2
97346,1,4
97357,0,1
97368,1,0
97371,1,2
97381,3,4
97394,1,1
97400,1,2
97403,1,4
97416,0,2
97420,2,3
97425,2,5
97427,1,2
97431,1,0
97434,1,2
97449,2,4
97452,1,3
97456,2,5
97470,2,5
97481,0,0
97485,1,2
97488,1,1
97494,1,2
97497,0,3
97499,2,2
97504,1,2
97518,0,2
97569,2,5
97571,0,3
97572,0,3
97583,0,0
97592,1,2
97596,1,2
97626,3,4
97629,1,0
97631,1,0
97645,0,0
97679,1,3
97681,1,3
97683,1,3
97715,1,3
97718,0,0
97719,1,3
97723,3,4
97724,1,1
97741,1,1
97749,1,2
97762,0,2
97764,1,4
97765,1,4
97769,0,0
97792,1,2
97804,1,3
97838,1,3
97858,2,2
97860,1,3
97880,0,0
97886,1,0
97895,1,1
97899,0,0
97917,2,3
97921,1,2
97925,2,4
97926,1,4
97931,1,4
97935,1,1
97938,1,3
97947,1,0
97952,2,5
97984,1,4
97988,0,1
98004,0,0
98021,0,0
98034,2,5
98036,1,2
98055,0,1
98075,2,4
98086,1,3
98087,1,3
98088,1,6
98109,0,3
98110,1,4
98125,1,3
98161,0,0
98166,1,1
98168,0,1
98170,1,0
98202,0,0
98204,0,0
98225,0,1
98235,3,4
98236,1,3
98237,0,3
98239,2,5
98242,1,2
98243,1,2
98257,1,3
98261,1,4
98277,0,1
98286,1,3
98288,1,2
98289,2,4
98303,0,4
98320,0,1
98331,2,5
98336,2,3
98362,2,4
98382,1,5
98386,2,3
98387,1,3
98391,3,4
98396,1,1
98398,2,3
98411,2,2
98416,1,0
98426,2,5
98427,2,5
98428,1,4
98431,1,4
98447,1,1
98449,1,2
98488,1,0
98489,1,1
98499,1,4
98505,0,0
98510,1,1
98514,1,3
98516,2,5
98518,0,2
98520,2,5
98524,1,1
98526,1,3
98527,2,2
98552,1,1
98554,2,3
98558,0,0
98591,2,4
98598,1,1
98600,0,0
98605,0,1
98606,1,4
98609,0,0
98611,0,0
98619,0,0
98623,0,1
98636,0,1
98637,1,3
98648,1,3
98652,0,0
98674,0,2
98694,2,2
98705,2,5
98707,2,5
98711,1,6
98717,0,3
98724,1,1
98725,1,3
98733,0,0
98755,1,4
98768,2,5
98780,1,2
98782,0,1
98785,1,3
98793,1,4
98814,2,2
98819,2,3
98828,2,3
98846,2,4
98854,0,0
98867,0,0
98881,1,3
98896,2,5
98911,0,2
98914,0,0
98932,1,3
98935,0,0
98942,2,3
98944,1,3
98945,1,4
98946,1,4
98947,1,0
98958,0,1
98961,1,3
98969,0,3
98970,0,0
98974,1,3
98987,1,3
98993,0,2
98994,1,3
98998,1,4
99001,1,0
99015,1,0
99030,0,0
99039,0,2
99053,1,3
99062,1,0
99072,2,5
99074,1,3
99083,1,5
99088,2,2
99090,2,4
99100,0,3
99103,1,3
99112,0,2
99117,1,0
99126,2,4
99135,1,3
99137,1,1
99143,2,3
99159,2,1
99169,2,3
99187,1,2
99192,1,2
99195,3,4
99198,1,5
99204,0,1
99205,1,1
99219,1,0
99230,1,3
99237,1,1
99249,1,0
99259,2,2
99265,0,0
99266,2,3
99277,1,2
99278,0,1
99285,2,3
99305,2,5
99307,1,2
99326,2,3
99332,2,2
99335,1,3
99349,1,0
99352,1,2
99354,1,4
99367,1,3
99369,0,0
99382,2,3
99401,1,3
99421,1,2
99422,0,0
99432,0,0
99437,1,2
99438,0,1
99446,0,3
99451,0,1
99459,0,1
99464,2,5
99465,0,1
99467,1,3
99473,1,2
99486,2,3
99501,2,5
99532,1,1
99536,0,0
99538,1,2
99542,1,3
99546,2,4
99549,1,1
99552,2,5
99556,2,2
99560,1,3
99572,1,4
99593,1,4
99594,2,4
99607,1,3
99609,2,4
99615,1,3
99620,0,1
99624,1,2
99633,1,2
99635,1,1
99647,2,2
99649,1,3
99652,2,3
99658,1,3
99663,1,4
99692,0,0
99696,1,3
99706,1,4
99707,1,3
99719,0,3
99723,1,1
99738,2,5
99740,0,2
99750,2,4
99755,2,2
99761,1,2
99764,1,2
99768,1,3
99790,0,0
99795,1,1
99796,1,3
99808,0,0
99815,1,2
99821,2,5
99832,1,3
99845,2,4
99851,1,1
99862,1,2
99865,1,3
99873,0,0
99877,1,3
99879,0,0
99884,2,3
99887,1,6
99891,1,4
99897,2,4
99905,1,1
99911,0,3
99915,2,5
99920,1,3
99923,0,0
99931,0,1
99934,0,0
99941,1,0
99943,2,5
99948,1,0
99950,1,1
99951,2,5
99957,2,5
99958,2,5
99965,2,4
99968,1,2
99980,1,3
99984,1,3
99987,2,3
100026,0,4
100033,0,2
100048,0,0
100052,0,0
100068,1,2
100070,2,2
100087,2,5
100088,2,5
100090,1,3
100094,0,0
100095,1,2
100109,1,1
100116,1,3
100120,2,4
100123,1,3
100137,1,4
100140,1,1
100158,1,1
100161,1,3
100175,2,5
100181,2,5
100182,0,0
100188,1,3
100196,1,1
100212,2,5
100213,0,0
100239,0,0
100257,1,2
100263,1,4
100274,2,5
100278,1,1
100281,1,4
100290,1,4
100295,0,0
100296,2,3
100297,1,3
100303,2,5
100305,0,0
100336,0,1
100342,2,3
100357,1,2
100369,1,2
100372,1,4
100373,2,5
100376,2,5
100384,1,4
100390,0,1
100399,1,4
100401,0,3
100406,1,2
100417,0,1
100423,2,5
100443,2,5
100458,2,3
100462,0,2
100480,3,4
100482,2,3
100484,1,3
100493,1,3
100495,0,1
100504,1,3
100507,0,0
100508,1,4
100519,0,0
100527,1,2
100528,0,1
100533,1,4
100541,1,2
100543,2,4
100545,1,2
100552,0,3
100568,0,0
100587,0,0
100595,1,3
100596,1,3
100599,1,3
100602,1,4
100603,1,3
100609,2,5
100612,1,0
100620,1,3
100624,2,1
100627,3,4
100635,1,3
100639,3,4
100642,2,3
100652,1,1
100655,2,3
100656,1,1
100662,1,2
100664,2,5
100669,1,2
100671,2,5
100672,0,0
100678,2,3
100680,0,0
100688,1,2
100690,0,2
100692,2,4
100701,0,0
100705,1,1
100709,2,5
100714,1,1
100721,1,3
100733,3,4
100738,1,3
100741,1,3
100742,1,4
100747,1,1
100765,0,1
100769,1,2
100772,2,5
100773,1,3
100776,1,6
100779,1,4
100786,0,0
100798,1,3
100803,2,3
100811,1,3
100814,1,4
100815,2,5
100820,0,0
100827,2,5
100829,2,5
100830,2,3
100840,3,4
100848,2,5
100857,1,3
100858,1,3
100867,1,2
100877,1,3
100884,0,1
100888,1,3
100889,0,0
100890,1,2
100891,1,3
100909,1,2
100919,0,0
100922,3,4
100925,2,5
100928,1,3
100934,1,2
100935,0,0
100943,0,0
100959,1,2
100961,2,5
100962,0,0
100966,1,0
100970,3,4
100975,0,2
100978,1,1
100998,1,2
100999,2,5
101002,1,3
101005,0,2
101015,3,4
101023,1,3
101026,1,3
101033,1,0
101034,2,5
101036,0,2
101043,1,1
101050,1,4
101055,0,3
101058,1,2
101077,1,1
101084,1,2
101088,2,3
101090,1,2
101111,0,2
101114,1,4
101120,1,5
101134,2,4
101137,1,4
101142,0,1
101149,1,2
101151,0,0
101156,1,5
101169,0,0
101176,1,2
101177,1,1
101192,2,3
101196,1,3
101209,1,4
101221,0,1
101224,1,2
101229,1,3
101231,1,3
101241,1,2
101250,2,3
101255,3,4
101256,0,0
101259,0,2
101263,2,5
101268,1,3
101269,1,2
101270,3,4
101271,2,4
101272,1,4
101273,1,1
101283,0,0
101287,1,3
101290,1,2
101309,1,6
101316,1,3
101318,2,5
101321,2,5
101323,2,5
101324,1,4
101325,0,1
101327,0,0
101328,2,3
101337,1,1
101351,2,4
101355,0,1
101356,0,1
101359,1,0
101371,0,2
101381,1,2
101382,1,2
101390,2,5
101402,2,3
101423,1,0
101425,2,5
101443,2,5
101447,0,0
101451,1,3
101463,1,4
101465,1,3
101470,0,2
101474,2,4
101477,1,4
101479,2,5
101481,2,3
101490,1,2
101510,2,3
101511,1,3
101513,1,3
101521,0,0
101534,2,3
101540,2,5
101542,0,0
101548,2,2
101549,1,0
101557,0,0
101558,2,4
101568,1,3
101573,2,3
101574,1,3
101585,1,3
101587,0,0
101588,1,2
101593,0,0
101595,2,5
101607,0,1
101618,1,1
101626,0,2
101627,3,4
101630,1,1
101637,1,1
101640,1,2
101649,2,5
101658,0,0
101659,1,1
101660,2,5
101667,1,4
101674,2,4
101675,1,2
101686,0,4
101687,1,0
101743,0,1
101763,2,2
101765,1,3
101766,0,0
101782,1,2
101783,0,2
101784,1,4
101787,1,1
101790,0,0
101792,1,4
101794,2,5
101798,0,1
101807,1,2
101819,2,4
101842,2,5
101846,1,2
101849,2,3
101854,1,3
101857,2,5
101865,1,4
101870,1,2
101874,3,4
101891,1,2
101902,0,1
101905,1,3
101913,0,2
101914,1,1
101919,1,6
101925,1,5
101926,0,0
101933,1,0
101937,1,4
101941,2,3
101957,2,3
101968,1,2
101970,1,2
101971,2,2
101991,1,4
101995,0,2
101997,1,2
101999,2,3
102001,1,2
102004,2,5
102007,1,2
102012,2,5
102013,0,1
102032,1,1
102034,2,2
102041,0,1
102047,1,1
102056,0,1
102058,2,4
102074,1,1
102078,3,4
102086,3,4
102111,1,4
102114,0,0
102117,0,0
102123,1,2
102137,2,0
102140,3,4
102143,1,3
102144,1,3
102145,1,3
102146,2,4
102153,3,2
102156,1,5
102181,0,2
102186,3,4
102192,2,5
102195,1,2
102196,1,2
102202,0,0
102204,1,3
102209,1,3
102214,3,4
102215,3,4
102216,0,2
102219,1,3
102233,1,1
102234,2,3
102249,0,3
102256,0,0
102259,2,3
102260,1,4
102264,1,2
102283,1,2
102285,1,3
102286,1,6
102288,0,0
102294,1,1
102295,2,5
102307,1,2
102321,2,5
102332,1,1
102334,2,3
102337,0,3
102346,1,1
102348,2,4
102369,0,0
102376,0,1
102379,2,5
102381,1,3
102394,1,3
102403,1,0
102409,1,1
102415,1,2
102424,0,1
102425,1,4
102430,2,4
102435,1,1
102436,3,4
102439,0,1
102442,2,5
102457,1,5
102477,1,1
102494,1,4
102495,0,2
102496,1,4
102509,2,3
102520,0,3
102533,1,3
102540,1,4
102545,0,0
102551,0,0
102559,1,3
102563,1,4
102580,1,3
102590,0,1
102601,1,1
102610,1,5
102623,1,3
102634,0,2
102638,1,4
102639,1,3
102641,1,1
102650,3,4
102654,1,3
102679,0,0
102689,1,3
102694,0,0
102696,1,2
102698,0,0
102704,1,3
102705,1,3
102709,1,4
102719,1,1
102722,2,5
102727,2,4
102742,0,1
102745,0,0
102748,2,3
102750,0,3
102753,3,4
102754,0,2
102755,0,3
102759,0,2
102760,0,1
102767,1,2
102771,1,1
102786,1,2
102797,2,5
102806,2,4
102807,2,5
102822,0,0
102826,1,2
102835,0,2
102839,2,5
102843,2,3
102844,1,2
102852,0,0
102853,0,0
102864,2,3
102881,1,2
102882,2,4
102884,1,3
102885,1,3
102895,2,3
102897,0,0
102900,1,1
102905,1,3
102914,0,0
102916,1,3
102930,1,4
102932,1,1
102940,1,3
102948,1,3
102950,1,1
102956,2,5
102974,1,3
102991,1,1
103003,1,6
103012,0,0
103018,1,0
103020,1,2
103021,1,3
103023,2,3
103032,1,5
103036,4,3
103038,3,4
103059,1,3
103069,1,2
103080,2,3
103096,1,3
103101,1,3
103106,1,2
103110,1,3
103111,0,0
103122,1,1
103127,3,4
103128,2,4
103131,1,0
103132,1,2
103133,1,1
103135,0,0
103141,2,3
103142,1,2
103148,2,2
103169,2,5
103173,1,3
103178,1,0
103184,0,0
103197,1,4
103201,1,2
103204,2,5
103207,1,3
103209,1,2
103210,1,2
103212,3,4
103215,1,2
103227,2,5
103231,1,3
103244,1,4
103246,1,2
103250,0,0
103255,0,3
103258,2,5
103261,1,0
103262,1,4
103269,1,0
103287,1,3
103305,0,2
103307,0,2
103319,0,0
103320,2,5
103327,1,2
103333,1,4
103345,2,3
103348,2,3
103349,1,3
103352,0,1
103361,1,3
103368,1,2
103375,1,4
103386,1,2
103392,1,4
103401,1,4
103404,1,3
103406,2,5
103412,1,0
103418,1,3
103421,1,4
103432,1,1
103438,0,0
103440,0,0
103441,0,2
103450,1,5
103461,2,2
103471,2,5
103472,1,3
103474,0,3
103481,1,3
103482,0,1
103495,3,4
103517,1,4
103522,1,3
103526,1,3
103538,1,2
103545,1,2
103546,1,4
103555,1,2
103556,3,4
103562,0,0
103580,1,1
103581,1,0
103588,2,3
103590,1,1
103591,1,2
103602,1,3
103604,0,0
103608,1,0
103620,1,4
103628,1,4
103634,0,0
103636,2,4
103661,0,2
103665,2,3
103669,1,3
103671,2,4
103672,1,2
103675,0,0
103679,2,1
103681,2,5
103683,0,1
103697,2,5
103706,1,1
103718,0,0
103727,0,3
103729,1,3
103733,3,4
103738,2,5
103745,1,2
103752,1,2
103753,2,5
103758,1,4
103761,1,3
103773,0,2
103774,1,2
103775,3,4
103776,0,0
103778,1,0
103780,1,1
103781,1,0
103788,3,3
103789,1,1
103790,2,5
103791,1,1
103792,2,0
103802,0,1
103807,1,3
103811,1,0
103824,1,4
103826,1,1
103834,2,5
103844,3,4
103848,1,3
103860,2,5
103876,1,0
103877,2,5
103878,1,3
103885,3,4
103893,2,4
103894,1,1
103905,1,3
103920,1,5
103928,0,0
103932,2,5
103941,1,3
103945,1,2
103946,0,0
103948,2,4
103953,2,3
103956,2,0
103964,1,3
103966,1,0
103969,0,1
103973,2,5
103976,1,1
103978,2,4
103982,2,3
103983,1,2
103988,0,0
103999,3,4
104002,0,0
104015,1,1
104017,2,5
104029,1,1
104042,0,2
104048,1,2
104050,0,1
104056,1,1
104081,1,3
104087,1,2
104095,1,2
104101,0,3
104102,1,2
104103,2,4
104130,3,4
104134,1,1
104144,0,1
104150,2,5
104157,2,3
104161,1,4
104165,2,5
104177,0,1
104182,1,3
104183,0,1
104188,1,2
104200,1,4
104203,2,3
104208,0,0
104214,1,2
104221,1,5
104226,0,0
104237,0,0
104239,2,5
104246,3,3
104254,1,3
104263,1,3
104264,1,3
104267,1,3
104273,1,3
104284,1,5
104294,1,4
104296,1,0
104301,0,0
104305,3,4
104313,1,1
104320,0,2
104326,2,5
104333,2,5
104343,2,4
104345,1,2
104346,1,4
104349,2,3
104351,1,2
104357,0,0
104362,1,4
104372,1,4
104383,0,0
104408,2,5
104415,1,1
104420,2,4
104422,1,4
104433,0,0
104434,2,5
104445,2,5
104447,1,1
104450,1,4
104460,2,3
104461,1,3
104488,2,5
104489,0,3
104491,2,5
104496,1,0
104529,2,5
104530,1,3
104532,1,2
104533,1,3
104549,0,1
104556,1,3
104562,1,3
104563,1,1
104565,2,3
104571,2,5
104573,1,1
104588,1,3
104606,1,3
104607,1,2
104608,1,3
104610,0,0
104611,0,4
104615,1,0
104624,1,0
104625,2,2
104639,1,2
104647,0,3
104650,0,1
104654,1,0
104655,1,3
104660,1,1
104661,1,0
104672,1,1
104683,1,0
104691,2,4
104693,1,4
104696,0,0
104704,0,1
104711,2,5
104722,0,1
104723,1,4
104726,2,3
104732,1,2
104739,0,1
104757,1,0
104758,2,5
104759,1,4
104777,0,0
104782,0,0
104796,1,4
104815,2,5
104820,0,0
104822,0,1
104827,2,5
104840,0,4
104842,0,0
104848,0,1
104852,0,0
104854,1,4
104859,1,2
104861,0,0
104864,0,0
104866,0,0
104873,2,5
104891,1,0
104895,2,2
104902,0,1
104914,1,1
104934,1,3
104945,1,3
104947,1,1
104949,2,5
104956,2,5
104964,0,0
104969,1,3
104973,0,0
104983,1,4
104986,0,1
104994,1,1
105003,0,0
105013,0,0
105017,0,2
105027,1,1
105033,1,0
105037,1,2
105043,3,4
105047,1,3
105062,2,5
105082,2,5
105091,0,2
105092,2,5
105095,1,4
105098,0,2
105099,2,4
105104,1,2
105111,2,5
105112,2,3
105114,1,2
105124,1,3
105128,0,0
105131,1,2
105137,2,5
105167,1,2
105175,1,4
105178,0,3
105180,3,4
105190,2,5
105191,0,0
105193,0,0
105195,0,3
105198,1,2
105210,0,2
105223,1,2
105228,2,5
105229,0,0
105248,1,2
105268,1,3
105272,1,2
105301,1,1
105305,2,3
105310,0,0
105311,0,0
105324,1,2
105331,1,3
105334,1,2
105336,0,2
105340,2,3
105342,1,4
105343,0,1
105347,1,2
105370,0,2
105372,1,4
105374,0,0
105378,1,0
105383,2,5
105392,1,2
105400,3,4
105409,1,4
105417,1,3
105426,1,3
105441,0,0
105442,1,3
105443,1,3
105444,1,2
105447,1,2
105449,1,2
105456,1,4
105464,2,5
105468,2,5
105472,2,5
105477,2,1
105480,0,0
105481,2,3
105486,1,1
105491,0,1
105493,1,3
105499,0,0
105512,1,2
105528,2,5
105530,1,5
105532,2,5
105541,1,3
105551,0,1
105556,1,4
105557,1,3
105563,0,1
105569,2,3
105572,1,2
105578,1,4
105588,1,0
105593,0,3
105599,0,1
105604,0,0
105609,1,2
105617,0,0
105618,1,4
105619,2,3
105625,1,3
105627,0,0
105631,1,3
105635,1,3
105636,2,4
105645,0,2
105646,1,1
105666,1,3
105667,2,5
105683,0,0
105684,2,4
105692,1,3
105703,0,2
105706,1,6
105716,1,1
105718,1,1
105724,1,3
105729,2,5
105730,1,2
105732,0,0
105737,1,3
105738,2,5
105739,1,4
105744,1,4
105745,1,2
105746,1,0
105781,0,0
105792,0,3
105809,1,3
105820,2,5
105828,1,4
105830,0,0
105838,2,4
105857,1,3
105865,1,2
105866,2,5
105874,1,3
105875,2,5
105878,0,4
105890,1,2
105893,0,0
105895,0,1
105900,1,3
105901,0,0
105902,1,3
105907,2,3
105940,1,2
105944,2,2
105949,2,3
105954,0,2
105965,1,1
105966,1,3
105970,0,1
105971,0,0
106025,1,4
106027,1,2
106037,1,2
106038,0,0
106046,2,3
106055,1,0
106062,2,3
106064,0,3
106067,0,2
106070,1,2
106072,2,3
106075,1,2
106086,1,0
106095,1,4
106098,0,2
106117,1,2
106119,0,2
106121,1,2
106129,0,0
106137,1,3
106139,1,3
106146,1,3
106160,1,5
106167,1,1
106170,0,1
106179,0,3
106187,1,3
106195,1,3
106215,2,5
106225,2,0
106232,1,1
106233,1,0
106247,3,4
106251,2,5
106255,3,5
106258,1,4
106293,2,3
106312,1,3
106323,0,0
106327,0,0
106334,2,4
106347,0,2
106359,2,3
106361,0,0
106370,1,3
106377,0,1
106388,1,4
106390,3,4
106401,1,2
106402,1,4
106414,4,3
106416,2,4
106418,2,5
106419,1,3
106423,0,3
106429,1,4
106445,1,3
106457,0,0
106459,1,3
106463,1,3
106468,3,4
106475,1,2
106481,1,3
106486,1,4
106489,0,0
106493,1,1
106507,2,3
106511,2,2
106530,0,0
106532,2,5
106538,0,2
106544,1,0
106550,1,2
106575,1,3
106580,1,4
106582,2,4
106587,2,5
106589,0,0
106601,2,1
106609,3,4
106613,1,1
106617,1,2
106627,2,5
106641,1,2
106655,0,0
106657,1,3
106661,1,2
106662,1,0
106674,0,0
106690,0,3
106703,1,2
106710,1,3
106713,2,5
106715,1,4
106718,1,3
106724,1,3
106728,2,4
106733,1,1
106736,3,4
106741,2,5
106751,1,3
106752,2,3
106765,2,3
106766,2,3
106770,1,3
106774,1,2
106782,1,4
106784,2,1
106798,1,3
106800,1,3
106803,0,1
106805,1,3
106809,0,0
106810,2,3
106811,2,3
106816,1,2
106827,1,3
106836,3,4
106838,1,3
106849,1,3
106850,1,2
106867,0,0
106871,2,5
106875,2,3
106877,2,3
106883,1,2
106889,2,4
106894,3,4
106902,2,4
106903,1,3
106904,2,4
106914,2,5
106918,0,1
106923,0,1
106926,1,1
106932,1,1
106945,2,5
106955,0,0
106960,1,2
106964,1,1
106993,2,5
106994,1,2
107005,1,1
107017,1,4
107025,1,3
107028,1,2
107037,1,1
107041,1,4
107043,1,3
107050,3,5
107061,2,4
107063,1,3
107066,0,2
107067,2,5
107069,1,0
107072,3,4
107075,1,3
107095,0,0
107112,1,1
107129,1,4
107146,0,0
107148,2,3
107153,1,2
107156,2,5
107157,0,1
107159,2,4
107160,2,5
107165,3,2
107170,1,3
107173,2,4
107186,1,3
107205,1,3
107208,2,5
107216,0,0
107217,1,2
107228,1,0
107233,0,0
107245,0,2
107258,3,4
107260,1,3
107268,2,4
107276,2,5
107277,1,3
107278,1,3
107281,1,2
107293,0,1
107296,1,0
107309,0,3
107316,0,0
107336,0,0
107341,1,1
107350,1,3
107351,1,3
107356,0,1
107358,1,2
107369,2,3
107374,1,1
107375,0,1
107383,1,2
107386,2,5
107396,2,5
107431,0,1
107432,2,4
107436,3,4
107437,0,2
107446,2,5
107447,1,4
107456,1,4
107458,1,0
107466,1,2
107474,1,4
107483,2,5
107496,0,4
107503,0,2
107515,1,3
107521,1,4
107526,2,5
107534,1,3
107536,1,2
107543,0,2
107550,1,2
107554,2,5
107567,1,2
107575,1,2
107576,1,3
107577,1,3
107581,3,4
107597,0,0
107618,1,0
107619,2,5
107623,0,3
107626,2,2
107628,0,0
107631,1,3
107633,0,1
107642,0,0
107653,3,4
107656,0,3
107657,1,3
107662,0,3
107689,2,3
107704,2,2
107743,2,5
107758,2,3
107776,1,1
107778,0,1
107782,0,1
107783,1,6
107785,1,3
107787,2,3
107789,0,0
107793,0,0
107798,0,2
107800,1,4
107801,0,0
107810,2,3
107818,1,2
107829,1,4
107856,1,1
107862,0,0
107863,0,1
107864,1,3
107865,1,4
107881,2,5
107883,0,0
107887,0,0
107912,1,3
107913,1,3
107920,1,1
107942,1,0
107951,0,0
107956,2,4
107962,1,2
107963,2,5
107966,1,3
107968,3,4
107973,0,0
107986,1,1
107991,1,3
107994,1,3
108007,2,2
108012,1,3
108013,2,5
108014,0,2
108030,0,0
108037,3,4
108043,1,3
108046,2,5
108059,1,3
108061,1,3
108062,0,0
108073,1,3
108080,0,0
108086,0,0
108094,0,1
108102,0,1
108116,2,3
108117,0,1
108120,0,0
108125,1,3
108127,1,3
108130,1,3
108133,0,1
108144,1,1
108145,1,3
108152,0,0
108156,2,3
108167,0,0
108171,0,2
108180,0,0
108186,1,3
108204,0,3
108210,2,2
108217,2,2
108229,0,0
108230,2,2
108235,2,5
108240,1,2
108246,2,5
108249,0,2
108253,3,4
108256,1,3
108257,2,5
108260,1,2
108265,2,3
108278,2,3
108295,1,4
108313,1,5
108315,1,3
108318,1,1
108319,1,3
108339,1,1
108342,1,1
108366,1,0
108369,1,1
108374,0,2
108378,2,4
108385,1,3
108389,2,3
108390,2,5
108393,1,0
108397,0,1
108403,3,4
108423,0,0
108433,1,4
108435,0,0
108437,0,4
108440,1,2
108442,1,2
108449,2,2
108459,0,2
108486,1,4
108499,1,3
108536,2,3
108547,1,1
108556,1,2
108557,1,1
108561,0,2
108573,1,1
108578,2,3
108579,2,3
108592,2,5
108594,1,2
108596,1,3
108606,1,2
108612,3,4
108613,1,1
108617,0,0
108625,2,0
108639,2,4
108644,1,1
108645,2,2
108646,1,1
108648,1,3
108650,1,4
108652,2,5
108656,2,5
108670,1,0
108671,2,3
108674,1,2
108675,0,0
108712,1,4
108719,1,1
108722,1,3
108729,2,5
108735,0,1
108737,1,2
108738,2,4
108740,1,2
108742,1,0
108745,1,3
108749,2,4
108752,2,3
108753,1,3
108773,2,5
108782,1,2
108784,2,4
108785,0,0
108791,1,2
108793,1,1
108795,2,2
108823,0,0
108833,2,4
108849,1,2
108850,1,4
108851,3,5
108853,0,1
108856,1,1
108857,1,6
108876,1,3
108897,1,3
108901,1,2
108908,2,5
108912,1,4
108918,1,3
108925,1,1
108952,0,0
108962,1,4
108966,0,0
108973,0,3
108974,0,0
108975,2,5
108981,1,3
108982,2,5
108984,0,1
108989,1,3
109012,1,2
109030,1,3
109037,2,5
109059,1,3
109073,1,1
109076,1,4
109087,2,5
109088,1,3
109091,2,4
109095,2,4
109100,1,3
109108,2,5
109118,1,3
109131,1,2
109139,2,5
109156,2,5
109166,2,4
109171,1,2
109175,0,1
109179,1,3
109188,2,5
109192,1,2
109197,1,4
109205,2,5
109211,1,2
109219,2,2
109226,2,6
109229,1,1
109244,1,4
109250,1,3
109264,0,2
109268,1,3
109269,2,5
109272,2,5
109277,2,5
109281,1,4
109284,1,0
109287,1,3
109298,1,3
109305,0,1
109306,2,2
109311,1,3
109314,1,4
109330,2,4
109339,1,3
109354,1,3
109359,2,5
109360,3,2
109374,1,3
109377,1,2
109380,0,0
109384,1,2
109390,1,1
109391,1,5
109393,0,0
109399,1,5
109411,1,2
109417,1,2
109421,2,4
109425,0,1
109426,1,3
109434,2,3
109439,2,5
109442,1,2
109451,1,3
109456,1,0
109461,2,5
109464,2,5
109466,0,0
109469,1,3
109470,0,0
109472,2,5
109473,1,3
109479,1,4
109483,0,2
109486,1,3
109489,1,2
109498,1,2
109508,0,3
109514,1,3
109516,2,5
109517,1,4
109524,0,0
109534,2,1
109538,1,0
109553,0,0
109559,0,0
109589,2,5
109593,1,4
109602,2,2
109619,1,2
109620,2,5
109638,1,3
109639,1,2
109642,1,0
109649,0,0
109663,2,5
109674,1,0
109679,1,1
109683,0,0
109690,1,3
109700,1,4
109702,1,1
109704,1,3
109707,0,0
109722,1,3
109738,1,3
109745,1,4
109751,2,5
109756,1,4
109760,1,3
109786,1,3
109791,1,1
109802,1,4
109806,1,1
109811,1,0
109813,1,4
109840,1,1
109842,1,5
109858,2,3
109863,2,4
109864,1,2
109874,1,2
109894,2,4
109896,3,4
109902,1,4
109903,1,1
109924,2,5
109931,2,3
109932,1,0
109933,0,0
109934,2,4
109935,0,0
109937,1,3
109939,0,0
109940,1,3
109941,0,0
109946,0,3
109947,2,0
109949,1,3
109950,2,3
109961,2,4
109971,1,3
109974,1,1
109986,1,0
109988,0,2
109989,2,3
109997,1,4
110011,2,5
110013,1,0
110032,1,1
110038,0,0
110049,2,5
110053,2,5
110060,0,3
110070,1,3
110071,0,3
110074,1,4
110076,2,5
110077,1,3
110079,2,5
110118,0,3
110120,1,2
110130,2,3
110145,1,2
110146,0,2
110149,1,3
110160,1,2
110173,1,2
110178,1,4
110183,2,4
110184,1,2
110190,2,3
110191,1,4
110194,1,4
110205,3,4
110217,1,2
110243,1,2
110245,1,3
110251,2,3
110255,1,2
110257,0,1
110264,1,4
110276,1,2
110277,0,0
110281,0,1
110292,2,4
110295,3,4
110299,2,5
110311,0,0
110316,1,2
110322,1,0
110348,2,4
110361,2,5
110368,1,1
110374,1,1
110377,0,0
110379,4,3
110382,1,1
110404,1,1
110410,1,2
110418,0,2
110421,3,3
110426,2,3
110427,1,3
110435,1,2
110450,1,3
110454,1,1
110469,0,2
110472,1,1
110473,1,0
110489,2,4
110501,2,1
110510,1,1
110513,1,3
110514,2,5
110534,0,3
110535,0,0
110543,0,0
110567,0,1
110583,2,5
110591,0,3
110599,1,3
110603,1,3
110606,1,4
110612,1,0
110613,1,2
110616,2,5
110631,0,2
110642,1,3
110654,2,5
110666,1,4
110674,0,3
110679,1,2
110688,1,0
110691,1,2
110692,2,5
110693,1,3
110699,1,0
110709,2,4
110719,0,2
110724,2,3
110725,1,4
110726,2,5
110736,2,2
110739,1,3
110740,0,0
110753,1,0
110755,1,0
110757,1,2
110759,2,5
110763,1,2
110774,1,2
110777,3,4
110783,1,2
110794,1,2
110797,1,6
110799,1,2
110802,1,3
110802,1,3
110819,1,1
110820,1,3
110826,2,5
110834,1,6
110840,0,0
110843,1,3
110844,1,4
110846,0,1
110866,0,0
110871,1,0
110872,0,1
110873,2,5
110879,1,0
110881,0,0
110882,1,2
110894,1,4
110902,1,3
110903,2,5
110908,1,2
110922,1,5
110923,1,3
110930,1,3
110933,2,4
110934,1,4
110953,1,4
110971,0,0
110985,1,1
110993,2,5
111007,2,5
111011,0,1
111015,1,3
111023,1,4
111032,0,1
111034,2,2
111035,2,2
111036,0,0
111052,2,3
111057,0,0
111067,0,0
111088,1,2
111089,1,3
111103,0,3
111113,1,2
111122,0,0
111124,3,4
111131,0,0
111133,1,0
111137,1,2
111140,1,0
111142,3,4
111147,1,3
111149,1,3
111152,2,5
111156,1,4
111171,1,2
111172,1,4
111174,1,2
111177,0,0
111184,1,0
111187,2,3
111189,2,3
111193,1,2
111206,2,5
111209,2,5
111219,1,4
111237,3,4
111239,1,3
111245,1,2
111257,3,4
111264,2,5
111268,2,4
111273,2,4
111274,1,0
111282,1,6
111315,0,0
111323,2,5
111330,1,1
111332,2,2
111333,2,5
111336,0,0
111340,1,3
111343,1,4
111353,1,5
111358,1,2
111362,1,3
111365,0,2
111369,2,5
111371,1,1
111377,1,4
111382,1,2
111385,1,0
111398,0,0
111399,1,3
111401,2,4
111404,1,1
111406,2,5
111408,1,1
111409,1,3
111411,1,2
111414,2,5
111425,2,5
111431,1,3
111445,0,0
111446,1,2
111457,1,3
111459,1,2
111460,3,4
111466,1,1
111477,2,5
111481,0,0
111486,0,4
111498,1,2
111499,0,0
111503,2,3
111504,2,3
111507,1,1
111512,1,2
111514,1,3
111517,2,4
111518,1,3
111524,1,3
111526,2,3
111530,2,4
111535,1,4
111546,1,2
111547,2,5
111601,1,4
111605,2,5
111615,1,4
111617,2,1
111621,0,0
111622,0,0
111625,1,0
111648,2,5
111651,1,2
111658,0,1
111663,1,5
111668,1,2
111680,2,1
111695,2,3
111712,0,0
111721,1,1
111725,0,1
111731,0,0
111732,1,3
111747,0,1
111757,1,1
111772,1,1
111775,1,4
111780,1,3
111797,3,4
111801,2,5
111805,3,4
111808,2,4
111810,1,1
111814,2,3
111816,1,4
111822,1,4
111828,1,3
111833,1,3
111839,1,0
111845,1,3
111846,1,4
111850,0,0
111860,2,4
111863,0,0
111864,2,0
111867,1,2
111879,1,5
111886,1,5
111889,2,3
111903,1,4
111909,1,2
111912,1,3
111926,2,5
111930,1,3
111934,1,1
111939,0,0
111941,1,4
111956,1,3
111959,1,4
111979,0,1
111982,1,2
111988,1,4
111991,1,1
111998,1,2
112006,1,3
112007,2,5
112010,2,0
112011,1,0
112022,1,3
112028,1,3
112030,1,3
112037,2,5
112059,1,3
112071,0,0
112076,1,0
112092,0,2
112095,3,4
112096,2,4
112098,2,5
112105,1,4
112116,1,3
112121,0,1
112124,3,4
112133,2,3
112150,1,4
112151,1,3
112153,1,3
112163,0,0
112167,0,0
112174,0,0
112179,1,0
112197,1,2
112202,0,1
112203,1,2
112207,0,0
112217,1,3
112219,0,0
112230,0,0
112234,1,4
112237,1,3
112243,0,1
112248,1,3
112253,1,0
112274,0,0
112277,0,0
112281,1,0
112295,2,3
112300,1,3
112315,1,5
112317,1,3
112335,1,1
112339,2,5
112369,0,2
112370,2,4
112384,1,2
112393,2,4
112395,1,3
112418,1,3
112421,2,5
112428,0,1
112432,1,3
112446,3,4
112467,1,3
112475,0,1
112477,2,4
112483,1,0
112485,1,3
112491,1,3
112494,1,4
112495,3,4
112496,2,4
112498,1,2
112500,0,1
112506,3,4
112519,1,0
112521,1,2
112529,1,0
112531,2,3
112537,1,2
112541,2,4
112542,3,3
112548,3,4
112549,1,2
112570,1,2
112579,1,3
112586,1,3
112602,0,1
112621,2,5
112634,1,4
112635,2,4
112639,1,1
112651,0,2
112660,1,3
112662,1,0
112663,0,4
112677,0,0
112696,1,2
112701,0,1
112703,0,0
112707,2,5
112722,1,2
112726,1,1
112732,0,3
112735,1,3
112747,2,5
112753,1,1
112756,1,2
112762,1,3
112765,0,2
112782,0,0
112819,1,3
112820,2,3
112826,1,3
112830,1,2
112833,1,3
112836,1,1
112862,0,0
112864,2,4
112874,1,1
112877,1,3
112889,1,1
112907,1,4
112913,2,3
112914,3,4
112916,3,3
112945,0,0
112946,0,2
112947,0,3
112950,0,1
112954,3,4
112959,1,3
112961,1,5
112963,2,5
112965,1,3
112968,1,2
112969,1,4
112970,1,0
112971,2,3
112972,1,4
112976,1,0
112986,0,2
112988,1,5
112993,1,3
113000,0,2
113006,1,1
113011,0,2
113026,1,4
113030,1,2
113031,1,3
113033,1,2
113041,2,4
113045,1,3
113053,1,5
113059,1,2
113065,2,5
113081,1,3
113092,1,1
113094,2,3
113095,1,3
113097,1,4
113099,2,5
113101,1,1
113106,1,0
113108,0,1
113114,1,4
113118,0,4
113127,2,5
113144,1,0
113148,1,0
113150,2,5
113158,1,2
113170,0,3
113209,1,3
113211,2,3
113215,1,1
113243,2,5
113263,3,4
113265,1,0
113268,0,2
113274,1,2
113285,1,0
113294,0,0
113302,1,4
113309,1,2
113321,1,2
113326,4,2
113328,1,3
113346,2,3
113352,1,3
113355,1,2
113378,0,0
113383,2,5
113386,1,3
113396,2,3
113401,0,1
113408,2,5
113412,1,1
113416,2,3
113421,0,0
113432,0,0
113447,2,4
113455,0,0
113458,2,3
113481,2,3
113483,0,4
113491,0,1
113493,1,4
113503,1,3
113512,1,3
113514,2,3
113516,2,5
113519,1,4
113524,0,0
113527,1,3
113540,2,1
113545,2,3
113547,1,4
113556,2,3
113578,2,5
113591,1,3
113595,1,1
113596,1,3
113598,1,0
113600,1,3
113602,1,4
113603,0,0
113616,2,2
113632,1,3
113650,2,5
113654,0,3
113665,2,4
113670,3,4
113672,1,1
113683,2,5
113689,0,1
113690,1,0
113692,1,4
113709,4,3
113713,1,3
113726,1,3
113738,1,2
113746,1,2
113758,1,1
113759,0,0
113773,3,4
113781,1,4
113784,1,0
113785,3,4
113793,0,3
113814,0,1
113828,2,5
113833,3,4
113842,0,3
113859,1,3
113865,1,4
113871,0,0
113880,2,5
113883,1,2
113886,0,2
113907,1,2
113911,2,4
113915,2,5
113919,2,5
113926,0,0
113928,2,4
113929,1,2
113934,1,2
113940,1,3
113941,1,1
113946,0,1
113970,2,2
113976,2,4
113978,2,4
113981,2,3
113985,2,5
113986,0,1
113990,2,3
113996,1,2
114016,1,3
114018,1,4
114024,0,1
114035,0,2
114050,2,4
114052,1,1
114054,1,1
114056,0,0
114070,0,3
114075,1,3
114091,2,5
114097,0,1
114100,2,5
114113,2,5
114117,1,3
114124,1,0
114126,0,0
114129,1,0
114131,1,3
114139,2,3
114165,3,4
114170,0,3
114176,1,1
114178,0,0
114179,0,0
114183,4,3
114185,1,2
114188,0,2
114197,0,2
114200,1,3
114203,1,3
114208,2,4
114209,0,0
114222,0,2
114231,1,4
114246,2,3
114256,0,0
114258,0,3
114259,0,3
114266,1,0
114273,1,3
114286,3,4
114291,1,1
114292,2,2
114295,1,0
114300,2,4
114323,1,0
114336,1,3
114341,0,0
114342,0,3
114343,1,3
114344,1,6
114347,1,2
114369,1,6
114374,1,3
114395,1,2
114400,0,3
114409,0,0
114412,0,0
114432,0,2
114437,1,3
114439,2,3
114448,2,5
114460,1,0
114468,1,3
114487,2,3
114488,0,3
114514,2,5
114516,2,4
114519,0,2
114532,2,5
114535,0,2
114539,1,3
114549,0,0
114569,0,1
114579,2,3
114593,1,0
114602,2,3
114607,2,2
114610,1,3
114613,1,2
114629,0,1
114631,2,3
114639,0,4
114642,1,0
114654,1,4
114657,1,4
114668,1,0
114689,2,3
114692,0,0
114693,1,1
114713,2,5
114718,1,4
114728,2,5
114741,0,0
114748,1,1
114750,0,2
114761,3,1
114762,1,0
114766,2,3
114787,1,3
114789,2,2
114797,2,0
114807,0,0
114810,1,1
114817,1,3
114827,3,4
114829,0,0
114837,0,0
114850,1,2
114854,1,2
114855,0,0
114860,0,0
114869,2,3
114886,1,3
114896,1,3
114909,0,0
114910,2,3
114917,1,0
114918,2,5
114924,2,3
114945,1,3
114948,1,2
114950,1,3
114954,1,2
114955,1,4
114968,1,1
114971,1,2
114977,1,3
114990,2,3
115015,1,2
115021,2,3
115022,0,1
115024,3,4
115028,1,2
115031,1,3
115032,1,3
115042,1,2
115048,1,4
115049,1,0
115052,2,5
115074,2,5
115077,0,3
115086,2,1
115094,1,4
115101,2,5
115121,1,2
115131,2,5
115135,1,3
115136,2,2
115144,0,1
115153,1,2
115157,2,3
115159,1,2
115179,1,3
115191,3,4
115202,1,2
115208,2,5
115221,1,4
115222,1,3
115223,0,1
115224,0,2
115225,0,1
115233,1,4
115235,0,0
115238,0,1
115244,0,3
115247,2,1
115253,1,4
115261,1,2
115264,0,0
115270,1,3
115276,1,1
115288,1,0
115289,2,3
115307,1,2
115310,0,1
115327,1,6
115330,1,5
115338,1,3
115340,1,4
115350,1,2
115354,0,2
115372,2,5
115378,0,3
115379,1,3
115386,0,3
115389,0,0
115416,2,5
115422,2,5
115435,1,3
115446,1,2
115454,1,3
115464,1,0
115466,0,1
115468,2,5
115471,2,2
115476,1,2
115487,1,2
115494,0,1
115520,3,3
115521,2,5
115524,0,0
115530,0,0
115531,1,0
115546,2,3
115554,0,2
115558,1,2
115563,0,1
115570,1,3
115576,2,5
115582,0,0
115588,0,0
115593,3,4
115594,2,3
115596,3,4
115607,1,0
115617,1,2
115627,1,3
115628,1,1
115637,2,3
115646,2,4
115656,2,5
115658,1,4
115672,2,5
115673,1,3
115678,1,3
115681,1,2
115683,0,0
115685,1,1
115689,2,3
115692,1,0
115698,0,2
115699,3,4
115705,0,2
115708,2,0
115710,2,3
115715,1,1
115726,1,2
115734,1,0
115740,3,4
115742,1,0
115754,0,0
115758,1,0
115760,2,5
115761,2,4
115768,1,3
115777,1,2
115795,0,1
115808,1,4
115810,1,0
115814,1,4
115817,0,1
115822,1,1
115827,2,5
115829,1,3
115830,2,4
115834,0,0
115839,2,2
115841,0,1
115852,0,0
115889,1,1
115899,0,0
115911,2,5
115913,2,2
115942,1,6
115943,0,0
115945,1,4
115946,1,2
115955,1,4
115979,2,3
115982,3,4
116002,0,0
116004,1,4
116005,0,4
116013,0,1
116033,1,5
116041,1,3
116043,1,3
116076,2,3
116091,2,5
116094,2,3
116095,2,3
116097,2,3
116098,0,2
116099,2,3
116100,3,4
116106,2,5
116117,2,5
116124,1,3
116128,0,1
116130,1,4
116131,0,0
116137,0,2
116138,0,0
116144,0,0
116151,2,5
116152,0,0
116153,2,5
116154,0,0
116161,1,3
116177,1,1
116180,2,5
116197,0,2
116205,1,2
116211,1,3
116213,1,2
116222,1,3
116225,1,1
116232,1,0
116235,0,1
116245,0,4
116254,2,3
116256,1,2
116259,1,3
116260,0,0
116262,1,3
116263,1,3
116272,1,2
116284,1,3
116285,2,5
116286,1,1
116288,1,1
116290,1,3
116297,1,2
116298,1,3
116303,0,3
116311,1,3
116312,1,0
116313,1,2
116314,3,4
116325,1,2
116331,1,2
116340,1,3
116342,1,3
116344,1,2
116345,2,5
116358,3,4
116359,1,1
116373,1,3
116374,1,2
116391,1,3
116395,2,5
116409,0,2
116416,0,2
116418,1,2
116448,0,0
116449,1,3
116455,1,3
116460,1,0
116468,0,0
116476,1,3
116489,1,2
116492,2,5
116494,1,3
116521,1,3
116533,2,5
116534,2,2
116538,0,0
116544,3,4
116547,1,1
116549,2,5
116553,1,3
116554,1,2
116560,1,3
116564,0,3
116574,2,5
116575,1,2
116589,1,4
116603,3,4
116609,1,4
116617,2,4
116637,2,5
116640,0,0
116659,2,3
116668,2,5
116669,1,2
116684,3,4
116689,1,3
116694,1,2
116705,3,4
116713,1,2
116727,1,3
116728,0,1
116730,0,0
116742,2,3
116745,1,4
116747,0,3
116767,1,4
116778,1,4
116779,0,0
116781,1,4
116788,1,2
116789,0,0
116794,1,3
116802,0,0
116810,1,3
116817,2,3
116827,0,1
116832,0,1
116835,0,1
116836,1,4
116840,0,0
116841,0,2
116845,1,1
116848,1,4
116855,2,4
116865,1,2
116875,2,3
116877,2,2
116878,1,2
116879,0,3
116904,0,3
116911,1,3
116915,0,0
116930,0,0
116945,2,4
116952,1,5
116955,1,3
116957,1,4
116966,2,5
116972,0,1
116979,0,0
116980,1,3
116987,1,3
116988,1,0
117002,0,1
117007,1,4
117016,1,4
117031,1,4
117041,1,4
117058,1,1
117060,0,0
117063,1,3
117068,2,5
117069,1,5
117081,2,3
117086,1,0
117093,2,3
117096,2,5
117102,0,0
117103,0,2
117112,2,2
117113,2,2
117126,1,1
117136,1,1
117144,4,3
117150,0,0
117157,1,0
117169,4,3
117170,3,4
117174,1,0
117186,1,3
117192,1,1
117202,1,3
117212,2,2
117234,2,4
117236,2,1
117237,1,4
117242,0,0
117243,0,1
117245,3,4
117248,2,5
117261,4,3
117266,0,2
117268,2,0
117273,2,0
117276,0,0
117280,1,4
117285,1,3
117288,0,3
117292,1,3
117296,2,5
117298,1,3
117313,2,4
117317,0,0
117328,2,5
117338,0,2
117339,1,2
117340,1,3
117353,0,0
117354,1,1
117367,1,1
117379,0,0
117388,1,3
117395,3,3
117397,2,5
117399,0,3
117405,1,0
117412,0,0
117435,1,1
117480,1,0
117487,1,3
117490,2,3
117494,0,0
117511,2,3
117517,0,3
117526,1,3
117533,1,3
117539,1,3
117549,0,1
117582,2,5
117583,2,2
117594,1,3
117597,1,2
117604,0,3
117619,1,2
117622,1,3
117626,0,1
117629,2,5
117630,0,0
117632,1,0
117633,1,1
117644,1,2
117651,1,0
117655,2,3
117686,0,0
117697,1,6
117698,1,0
117699,1,1
117700,1,2
117708,1,1
117716,1,2
117718,1,4
117730,3,4
117749,1,2
117758,0,1
117760,1,1
117779,1,1
117787,2,5
117788,1,2
117797,0,1
117799,1,4
117824,1,2
117833,3,0
117840,1,3
117843,3,4
117854,1,1
117855,0,2
117856,3,4
117857,1,3
117859,1,4
117864,1,4
117876,1,0
117880,2,4
117882,1,3
117886,1,2
117889,0,0
117911,0,0
117919,0,0
117933,2,5
117943,4,1
117944,2,5
117970,1,5
117974,2,2
117978,1,3
117982,2,5
117983,1,4
117985,2,3
117995,1,1
117999,1,3
118003,3,1
118029,1,2
118048,2,2
118064,2,3
118070,0,0
118072,1,2
118084,2,5
118090,0,2
118094,0,0
118100,3,4
118101,1,4
118104,1,2
118125,2,2
118152,1,3
118155,3,4
118159,3,4
118162,2,5
118169,2,4
118175,1,4
118194,1,5
118199,2,5
118224,1,2
118234,2,3
118251,5,2
118257,1,2
118267,2,3
118273,1,2
118301,0,0
118313,1,1
118321,1,3
118324,2,4
118333,1,2
118342,1,3
118343,0,0
118344,1,4
118351,1,2
118354,2,1
118355,1,0
118357,3,3
118362,1,4
118384,1,5
118388,2,3
118400,0,2
118430,0,3
118437,0,1
118439,1,4
118452,2,0
118471,0,0
118513,0,0
118515,0,0
118525,2,3
118526,2,5
118527,0,0
118537,0,0
118548,2,3
118552,1,2
118570,1,3
118571,2,5
118575,1,2
118577,0,1
118581,2,5
118594,1,3
118598,0,2
118604,0,3
118609,1,2
118623,1,0
118630,0,0
118640,0,3
118644,1,1
118645,1,1
118646,1,3
118656,2,5
118658,0,3
118680,2,2
118685,2,0
118711,1,3
118713,1,4
118715,2,4
118717,1,0
118718,0,2
118833,1,4
118843,2,5
118844,2,2
118855,2,5
118858,2,5
118863,2,5
118865,0,2
118870,1,2
118874,1,1
118876,1,3
118928,0,0
118937,1,2
118939,1,1
118944,1,2
118946,1,3
118948,2,3
118952,1,2
118956,1,2
118962,2,5
118980,1,2
118984,0,1
118990,0,1
119006,2,3
119012,1,4
119018,0,1
119022,1,0
119024,1,2
119025,1,2
119026,0,1
119056,1,2
119059,1,2
119062,2,1
119067,1,3
119071,2,5
119075,1,2
119083,1,4
119088,1,3
119091,1,3
119103,1,3
119123,1,0
119129,1,2
119153,1,2
119182,0,4
119196,0,0
119202,2,5
119209,0,2
119218,0,0
119222,1,3
119225,1,2
119226,1,4
119227,2,3
119229,0,3
119235,0,3
119236,0,1
119239,1,3
119242,1,0
119292,2,4
119295,2,5
119307,1,4
119315,2,3
119318,1,3
119321,1,3
119325,1,3
119336,1,5
119343,1,3
119344,0,0
119345,0,0
119356,0,1
119362,0,3
119370,1,1
119375,1,3
119378,2,5
119401,2,5
119404,0,2
119413,1,3
119415,1,3
119416,0,3
119418,0,0
119423,0,2
119425,0,0
119427,1,3
119435,2,4
119447,3,4
119453,1,3
119456,1,2
119459,1,3
119467,3,4
119475,0,3
119485,2,3
119496,1,3
119503,1,4
119518,1,3
119526,2,5
119534,1,3
119555,0,1
119564,0,3
119572,2,5
119593,0,1
119630,0,0
119631,1,2
119642,1,4
119648,2,5
119668,0,0
119671,0,0
119677,1,3
119694,1,1
119706,0,0
119711,2,5
119712,1,2
119714,2,4
119729,1,3
119742,0,2
119769,0,1
119775,1,4
119780,1,1
119781,4,3
119801,0,0
119802,1,2
119807,3,4
119811,2,4
119844,0,4
119850,1,2
119860,1,1
119868,0,1
119879,1,3
119881,1,0
119886,1,2
119896,0,0
119898,1,2
119902,1,3
119910,1,4
119924,2,3
119930,1,3
119931,2,3
119957,3,4
119959,1,3
119965,0,0
119968,2,3
119970,2,3
119976,2,0
119991,1,3
120004,0,1
120010,2,5
120038,1,2
120061,0,2
120065,3,2
120071,1,1
120072,2,3
120075,2,2
120090,3,4
120092,0,0
120101,2,5
120102,1,1
120103,1,3
120105,1,1
120113,1,4
120122,2,5
120123,1,4
120131,0,0
120132,2,3
120143,1,1
120145,2,5
120149,1,1
120154,1,3
120156,1,2
120163,0,0
120166,3,4
120169,0,0
120186,1,3
120192,0,1
120195,1,2
120208,0,1
120219,0,0
120220,0,0
120221,1,0
120230,1,0
120245,2,4
120268,3,4
120275,2,5
120278,1,3
120279,1,1
120294,1,0
120295,1,1
120302,2,5
120304,1,1
120305,1,4
120312,1,0
120313,2,1
120345,1,2
120359,1,2
120365,1,4
120369,1,1
120383,1,3
120387,1,3
120391,0,2
120399,1,2
120408,1,3
120409,1,3
120410,0,2
120422,1,1
120423,2,5
120424,2,5
120425,2,5
120428,1,4
120429,0,0
120434,0,0
120451,1,2
120462,0,0
120466,1,4
120525,1,3
120538,1,2
120544,2,5
120545,0,0
120555,3,4
120559,0,0
120567,1,3
120574,2,3
120577,0,2
120578,1,3
120579,1,2
120586,1,2
120603,1,3
120612,2,4
120616,1,3
120618,2,3
120625,0,0
120631,2,4
120637,2,3
120639,1,6
120640,4,3
120645,1,1
120652,0,1
120673,0,0
120684,3,0
120685,1,3
120690,2,3
120695,1,2
120697,1,3
120704,3,5
120708,1,0
120723,3,4
120729,1,4
120788,1,3
120789,1,3
120805,2,3
120824,1,1
120842,1,3
120843,1,0
120869,1,2
120876,1,2
120878,1,3
120883,1,0
120892,0,0
120896,2,5
120899,1,3
120908,0,2
120910,0,1
120918,1,1
120953,1,1
120960,1,3
120966,3,4
120967,2,4
120975,1,3
120985,1,2
120989,0,0
120998,1,1
121000,2,4
121004,1,3
121013,2,5
121014,1,2
121016,1,3
121022,1,3
121026,0,0
121041,1,2
121048,2,3
121059,1,2
121060,0,0
121077,1,1
121079,2,3
121082,0,0
121106,3,4
121107,2,2
121121,0,0
121129,0,3
121133,1,3
121134,2,5
121139,1,4
121148,1,3
121151,0,4
121152,1,1
121155,1,3
121174,0,3
121180,1,1
121188,1,3
121192,0,1
121222,1,5
121228,0,0
121238,0,2
121240,1,2
121245,2,5
121247,1,0
121249,1,3
121251,0,0
121252,1,1
121253,2,5
121258,0,1
121271,1,2
121274,0,0
121275,1,3
121276,0,0
121285,1,4
121286,2,5
121288,1,1
121291,0,3
121300,2,4
121306,0,2
121309,1,2
121315,1,2
121322,3,4
121331,2,3
121332,2,2
121337,1,4
121348,1,3
121349,1,0
121356,0,3
121359,2,2
121367,2,2
121369,0,0
121383,1,4
121390,1,4
121394,1,2
121402,2,2
121404,1,3
121414,0,1
121421,0,0
121425,0,1
121431,2,4
121436,0,2
121440,0,0
121453,1,3
121454,1,1
121466,2,4
121475,1,3
121505,1,0
121507,2,5
121510,1,2
121512,1,3
121523,0,1
121535,0,0
121536,0,2
121544,1,4
121545,1,3
121596,2,2
121610,2,5
121639,1,2
121644,0,0
121648,1,3
121658,3,4
121664,1,3
121669,1,1
121690,1,3
121712,3,1
121713,1,1
121715,1,3
121722,0,0
121726,1,4
121749,0,2
121750,2,5
121756,1,3
121758,1,3
121760,1,2
121762,1,2
121764,0,0
121765,3,4
121767,2,4
121773,0,1
121804,1,3
121831,2,5
121838,1,2
121839,2,2
121840,1,1
121852,1,1
121858,0,2
121909,1,0
121916,1,6
121935,2,1
121947,0,0
121955,2,5
121968,0,1
121970,2,3
121981,2,3
121990,2,3
121991,0,0
121996,1,2
121999,0,1
122017,1,1
122030,1,2
122042,2,5
122046,1,2
122048,1,2
122051,1,3
122056,1,0
122075,1,3
122080,2,2
122087,1,1
122089,1,1
122090,1,0
122091,1,4
122093,1,1
122103,1,3
122118,2,3
122122,1,4
122128,2,5
122142,1,4
122149,0,1
122151,1,3
122152,1,2
122153,0,3
122169,1,3
122200,1,4
122203,1,3
122204,1,3
122218,1,1
122225,0,0
122227,1,3
122228,1,2
122233,1,6
122244,4,3
122253,0,1
122268,0,0
122272,1,0
122286,0,1
122294,0,2
122298,0,1
122299,0,0
122300,0,1
122315,1,3
122326,1,3
122332,2,3
122337,2,5
122338,0,3
122339,1,3
122343,1,2
122344,1,1
122359,1,2
122369,1,4
122374,0,3
122393,0,0
122398,1,3
122408,0,0
122411,1,2
122414,1,4
122428,1,4
122431,0,0
122445,1,3
122450,1,2
122451,3,5
122452,1,3
122454,1,3
122455,1,2
122457,1,3
122459,0,0
122460,2,4
122465,1,1
122466,1,2
122467,1,0
122490,1,4
122499,2,5
122502,1,0
122505,0,1
122508,1,2
122514,3,4
122525,0,2
122530,1,1
122545,1,3
122546,1,2
122547,1,4
122548,1,1
122552,1,3
122562,3,1
122586,0,1
122595,1,3
122598,1,4
122603,1,2
122607,1,0
122630,2,4
122639,0,2
122643,0,1
122648,1,2
122657,1,4
122660,2,5
122665,1,2
122692,3,4
122695,3,4
122701,1,2
122712,0,1
122719,1,3
122727,1,4
122729,0,1
122732,1,4
122733,1,6
122735,2,2
122737,2,5
122738,1,3
122740,0,0
122765,2,5
122769,1,1
122784,0,2
122798,1,2
122805,1,0
122819,1,2
122820,1,3
122846,0,0
122847,1,2
122848,1,1
122857,2,5
122885,1,2
122891,0,0
122906,0,0
122907,1,3
122910,0,4
122914,1,2
122918,1,3
122921,0,3
122922,0,1
122935,1,0
122955,2,3
122959,1,2
122960,2,2
122967,2,2
122990,0,0
122993,0,0
122997,0,1
123020,1,4
123021,0,4
123032,2,3
123035,2,5
123051,1,4
123054,3,4
123057,1,3
123059,0,2
123062,2,5
123063,1,4
123079,1,0
123082,1,2
123093,1,1
123100,2,2
123119,1,6
123126,1,3
123131,1,2
123141,1,2
123167,1,2
123171,0,0
123173,2,4
123178,1,2
123182,0,2
123184,1,3
123190,0,1
123208,1,6
123222,1,5
123224,1,1
123225,1,3
123262,1,4
123272,1,3
123277,0,1
123285,1,6
123293,1,2
123294,0,0
123308,1,4
123315,2,2
123317,1,0
123334,0,0
123337,2,5
123341,2,0
123351,1,4
123354,1,2
123364,1,0
123366,1,1
123369,3,4
123388,1,3
123400,2,3
123401,2,5
123406,0,3
123407,3,3
123417,0,2
123419,0,0
123449,1,4
123451,2,3
123459,0,0
123466,1,3
123477,3,4
123482,0,0
123485,1,0
123486,2,1
123494,0,3
123501,0,4
123503,0,0
123514,1,2
123526,2,3
123539,1,1
123546,1,2
123562,2,3
123574,2,5
123582,3,4
123600,2,3
123601,1,3
123602,0,1
123603,1,1
123616,1,2
123624,1,4
123625,2,3
123628,1,4
123631,1,3
123632,1,3
123644,1,3
123646,2,5
123651,0,0
123652,0,2
123653,2,5
123657,1,3
123664,1,3
123674,1,3
123697,1,1
123712,1,3
123723,0,2
123726,1,3
123727,1,3
123728,1,4
123739,0,0
123748,2,3
123750,0,0
123754,0,3
123767,1,2
123772,1,3
123784,2,5
123785,2,3
123795,1,4
123801,1,1
123809,2,5
123813,2,4
123814,1,2
123816,1,3
123817,0,0
123818,0,2
123868,1,4
123871,0,3
123875,1,4
123877,1,3
123884,1,4
123889,2,5
123895,0,2
123899,0,0
123901,1,5
123903,1,3
123914,3,4
123919,1,3
123927,2,5
123930,1,3
123940,1,2
123942,2,5
123961,0,1
123966,0,0
123974,0,0
123981,1,4
123982,2,3
123989,1,3
123998,0,2
123999,0,0
124000,1,4
124006,1,2
124014,1,6
124015,1,2
124025,2,2
124028,1,2
124032,1,3
124040,1,4
124042,0,4
124046,1,3
124055,0,1
124057,2,5
124059,2,5
124061,0,0
124063,1,3
124065,1,3
124081,2,5
124083,1,4
124104,1,2
124113,2,5
124118,1,6
124120,1,0
124121,1,3
124128,1,1
124131,1,1
124152,1,3
124157,0,1
124161,1,3
124163,2,3
124176,1,1
124177,1,3
124181,1,2
124182,0,0
124183,1,3
124188,2,5
124200,2,5
124214,1,3
124240,2,2
124246,2,2
124288,2,5
124303,2,5
124304,2,3
124305,1,2
124312,0,0
124323,2,4
124324,2,3
124340,2,5
124349,1,3
124352,1,3
124353,2,2
124372,2,5
124377,1,1
124380,1,6
124397,1,3
124399,0,3
124403,1,0
124410,1,4
124411,1,4
124412,2,1
124416,2,3
124429,1,1
124447,1,0
124457,3,4
124464,0,0
124465,1,3
124466,0,1
124467,0,4
124468,2,5
124471,1,2
124472,1,1
124477,1,1
124484,1,1
124485,1,3
124486,1,3
124487,1,4
124495,2,3
124498,0,0
124499,1,2
124500,0,1
124501,1,3
124503,1,2
124507,1,4
124524,0,2
124531,1,2
124532,1,3
124533,1,1
124534,1,2
124536,1,3
124540,0,1
124541,0,2
124542,1,2
124553,1,3
124557,1,2
124561,1,0
124578,3,3
124588,1,0
124593,0,0
124610,3,4
124637,3,4
124643,0,3
124649,2,1
124654,1,2
124660,0,4
124662,0,2
124674,0,0
124677,1,1
124681,1,3
124683,3,5
124693,1,1
124695,0,2
124698,0,1
124705,0,0
124707,0,2
124724,1,1
124767,2,3
124768,0,0
124795,1,3
124813,1,6
124818,1,4
124824,1,3
124837,1,3
124839,2,3
124840,1,2
124876,1,1
124878,1,0
124880,2,5
124881,1,3
124882,0,1
124886,1,1
124887,1,2
124888,2,3
124890,0,0
124891,2,4
124892,0,0
124893,1,3
124894,1,3
124895,0,0
124896,1,2
124898,3,4
124899,1,3
124904,2,5
124918,1,4
124928,2,5
124931,2,5
124935,2,3
124939,0,0
124957,1,1
124981,0,1
125015,3,4
125030,1,2
125042,1,1
125050,1,1
125062,3,4
125065,1,3
125066,0,1
125073,0,1
125084,0,0
125093,2,2
125095,1,0
125102,1,2
125110,0,0
125118,1,3
125121,1,0
125127,2,5
125129,2,5
125132,2,5
125133,0,0
125135,2,3
125139,2,5
125145,1,3
125159,1,3
125166,1,1
125172,1,4
125175,1,3
125198,1,3
125213,1,4
125220,0,0
125222,1,4
125226,0,2
125231,1,2
125240,1,1
125248,2,5
125269,0,0
125295,2,5
125301,0,2
125307,2,5
125350,1,3
125354,3,4
125357,1,3
125359,2,3
125368,2,5
125370,1,4
125374,2,4
125380,0,0
125382,1,2
125390,2,1
125408,0,2
125416,0,2
125418,1,0
125423,1,3
125426,1,2
125428,1,5
125440,1,4
125451,0,0
125453,1,3
125456,2,4
125457,2,3
125467,1,3
125472,1,3
125481,2,5
125483,2,3
125491,0,0
125494,0,0
125500,2,4
125512,0,2
125517,3,2
125533,0,0
125539,2,4
125555,1,1
125557,0,1
125571,1,1
125581,1,3
125584,2,5
125591,1,1
125592,2,3
125593,1,3
125594,1,2
125595,1,0
125596,1,2
125598,1,2
125608,1,1
125609,2,3
125619,2,4
125622,0,0
125624,0,1
125625,0,0
125627,1,2
125628,0,0
125631,0,0
125634,1,0
125645,2,4
125647,1,6
125649,0,0
125654,0,0
125656,1,3
125657,0,0
125658,0,0
125660,1,3
125661,2,3
125664,1,3
125667,1,2
125668,1,3
125670,3,4
125677,1,4
125690,3,4
125710,1,0
125713,0,3
125714,2,5
125721,2,5
125723,1,2
125728,1,1
125737,1,3
125744,1,4
125745,1,0
125748,2,4
125752,1,1
125754,1,4
125755,0,0
125756,1,2
125757,0,3
125758,1,3
125759,1,3
125760,2,5
125762,0,0
125767,1,2
125773,1,4
125810,1,3
125811,3,4
125817,2,5
125819,2,4
125841,0,2
125852,0,0
125856,2,5
125861,1,1
125869,6,1
125872,1,2
125879,1,4
125891,1,1
125915,1,5
125916,2,5
125917,3,4
125920,1,0
125929,2,5
125943,1,3
125944,0,0
125959,1,0
125965,1,2
125975,1,2
125986,3,4
125987,2,5
125993,0,2
126003,0,0
126008,1,2
126011,1,3
126030,1,2
126031,1,3
126034,2,5
126037,1,2
126045,1,2
126048,0,0
126049,1,1
126050,0,2
126053,0,3
126067,1,3
126098,2,5
126103,1,3
126105,0,2
126113,2,5
126117,1,2
126118,0,1
126119,1,4
126123,1,0
126129,1,1
126141,0,1
126149,2,4
126151,1,3
126152,3,4
126154,1,3
126168,2,4
126169,1,1
126180,2,4
126181,1,2
126186,3,4
126191,0,1
126199,0,2
126216,3,4
126225,2,2
126226,1,3
126227,0,1
126228,0,1
126229,0,2
126230,2,5
126239,1,3
126240,2,4
126244,3,4
126246,2,4
126248,1,2
126255,2,5
126256,0,0
126292,0,0
126308,1,6
126310,0,3
126313,1,3
126321,0,0
126326,2,5
126328,2,5
126332,1,3
126336,1,4
126343,1,3
126355,1,3
126362,2,3
126368,4,3
126369,1,2
126384,2,5
126391,1,2
126395,1,3
126407,0,1
126419,2,5
126422,1,3
126423,1,1
126441,1,4
126443,0,0
126454,2,3
126485,0,0
126486,2,5
126496,0,0
126498,0,1
126505,2,5
126508,0,0
126520,2,5
126524,1,3
126526,1,1
126527,2,5
126529,1,2
126531,1,4
126532,0,0
126533,1,2
126535,2,4
126536,1,3
126538,0,0
126552,0,0
126565,1,2
126577,1,2
126591,1,3
126596,3,5
126597,1,0
126603,0,2
126604,1,2
126616,0,0
126630,0,0
126643,1,2
126645,2,5
126651,0,0
126668,1,1
126669,1,2
126674,1,4
126675,1,3
126686,1,4
126689,0,0
126690,1,2
126704,1,2
126710,2,3
126721,1,3
126723,1,4
126731,0,2
126737,2,2
126743,1,4
126749,3,4
126754,0,1
126762,0,2
126774,1,3
126780,2,5
126790,0,0
126800,1,0
126802,0,1
126810,2,5
126812,3,4
126819,1,4
126825,1,1
126832,2,3
126838,1,3
126843,0,0
126845,1,0
126846,1,1
126847,0,0
126848,3,4
126850,2,4
126857,1,0
126867,1,0
126869,0,0
126888,1,1
126899,0,1
126900,1,2
126901,1,6
126911,1,3
126917,0,0
126922,2,3
126931,2,5
126934,1,4
126946,0,1
126950,2,5
126953,1,3
126960,1,3
126966,0,0
126967,1,3
126976,2,5
126977,1,3
126978,0,5
127020,0,0
127024,1,1
127034,2,4
127065,0,1
127066,1,3
127075,0,0
127078,1,0
127094,1,4
127137,0,0
127142,1,0
127145,1,2
127147,1,4
127153,0,0
127160,2,5
127186,3,3
127196,1,3
127202,1,1
127210,2,5
127221,1,1
127228,1,1
127229,1,2
127235,0,0
127239,1,0
127254,1,3
127272,1,3
127275,1,3
127277,2,0
127278,1,1
127279,1,1
127296,1,5
127307,1,4
127318,1,3
127328,2,5
127342,1,4
127363,0,2
127364,1,1
127365,0,0
127377,2,2
127403,1,3
127410,3,4
127411,2,3
127414,1,2
127420,2,5
127447,0,0
127452,0,1
127453,2,3
127454,1,3
127455,1,5
127456,1,3
127457,1,3
127462,1,3
127466,1,3
127478,1,4
127484,1,2
127485,1,2
127488,1,2
127494,2,3
127507,3,4
127512,1,3
127520,3,4
127547,2,2
127548,1,1
127558,1,3
127561,0,2
127575,2,3
127581,0,3
127583,1,1
127584,1,0
127592,0,0
127609,0,0
127637,1,2
127657,2,5
127659,0,1
127661,2,2
127676,2,3
127696,1,5
127718,1,0
127719,1,2
127726,2,3
127731,1,3
127734,1,5
127741,0,0
127744,1,4
127745,0,0
127758,1,6
127764,2,5
127792,0,1
127810,1,4
127818,3,4
127822,2,3
127825,1,3
127826,1,2
127828,1,2
127839,1,0
127843,0,3
127847,0,1
127855,0,1
127856,0,0
127857,2,5
127864,2,5
127868,0,3
127876,2,4
127885,1,1
127888,0,3
127892,2,5
127893,2,5
127896,2,5
127906,1,2
127910,1,2
127913,3,4
127914,0,0
127924,2,4
127926,1,3
127943,1,3
127947,2,5
127950,2,2
127959,3,4
127961,1,0
127963,2,5
127985,1,2
127994,0,0
128009,1,3
128017,1,2
128030,1,3
128032,2,5
128034,1,2
128041,2,5
128045,4,3
128064,1,1
128071,0,1
128074,0,0
128075,0,2
128079,1,3
128084,1,3
128100,0,0
128101,1,2
128103,1,4
128106,2,5
128126,0,0
128135,0,1
128153,2,5
128156,1,3
128157,0,1
128158,1,4
128161,1,3
128163,1,3
128164,1,4
128165,1,3
128167,1,2
128168,1,2
128173,1,1
128180,1,3
128183,1,1
128191,1,2
128211,0,0
128227,0,0
128228,1,2
128237,2,5
128245,1,2
128254,1,2
128263,1,4
128268,0,0
128270,1,2
128272,0,0
128274,1,5
128286,1,3
128287,0,1
128288,2,4
128293,1,2
128294,1,4
128310,0,1
128314,2,3
128319,1,4
128323,1,3
128324,1,2
128329,2,1
128331,1,3
128334,1,3
128338,2,5
128356,2,5
128358,1,1
128372,2,5
128373,3,4
128385,1,2
128387,2,4
128388,1,2
128389,2,2
128390,3,4
128391,0,0
128415,0,1
128418,0,0
128421,0,0
128422,2,0
128423,0,2
128428,3,4
128433,1,3
128440,1,6
128452,1,3
128457,1,3
128467,3,4
128470,1,3
128485,0,0
128488,1,3
128497,0,4
128499,0,3
128514,0,0
128524,0,0
128536,1,1
128537,1,3
128538,2,2
128542,3,3
128547,1,3
128549,2,4
128558,0,2
128561,0,0
128562,0,4
128563,1,0
128567,2,5
128571,2,5
128573,0,1
128576,1,3
128582,2,4
128595,0,0
128605,2,0
128606,0,1
128615,1,4
128619,1,0
128656,2,5
128659,2,5
128660,1,4
128661,0,3
128666,4,3
128668,0,2
128673,2,5
128677,1,1
128680,1,2
128686,1,2
128689,1,3
128694,1,2
128695,4,3
128697,2,5
128700,0,0
128704,0,0
128710,1,2
128712,1,4
128718,1,4
128730,2,5
128733,1,3
128742,1,2
128743,0,0
128749,3,0
128755,1,4
128757,2,3
128759,1,3
128766,1,1
128777,1,3
128797,1,4
128804,1,3
128815,0,0
128823,1,2
128824,1,1
128831,2,3
128833,2,4
128835,1,2
128837,1,0
128839,1,2
128861,2,5
128865,1,4
128869,2,3
128875,0,1
128877,0,1
128880,1,4
128884,3,4
128885,2,5
128891,0,1
128900,2,5
128902,0,0
128908,0,0
128924,0,0
128928,1,2
128929,2,5
128930,4,2
128934,0,0
128943,1,4
128962,1,4
128973,2,5
128984,2,3
128993,1,1
128994,0,0
128996,1,6
129000,1,0
129010,2,1
129011,2,5
129020,0,2
129026,0,2
129030,2,3
129039,0,2
129048,2,5
129050,1,2
129055,0,0
129063,1,4
129073,1,3
129087,1,1
129088,1,2
129089,0,1
129090,1,3
129091,0,1
129092,1,4
129093,1,4
129094,3,4
129097,2,3
129115,1,2
129120,1,2
129121,0,0
129123,1,0
129125,2,5
129128,1,2
129143,1,4
129149,1,0
129150,1,1
129167,1,3
129175,1,4
129179,1,2
129188,1,1
129202,1,3
129212,2,5
129219,2,5
129222,2,1
129224,2,3
129225,2,5
129228,0,0
129229,1,1
129244,1,4
129252,0,1
129262,3,4
129266,1,2
129268,1,0
129284,1,3
129287,1,1
129309,1,1
129312,1,1
129337,1,4
129339,1,3
129341,1,1
129344,2,2
129347,1,1
129348,1,2
129359,1,0
129364,0,0
129371,1,3
129376,1,4
129377,1,1
129388,3,4
129406,1,3
129409,1,3
129425,1,3
129427,0,1
129431,1,4
129437,0,1
129438,0,0
129458,1,2
129462,3,4
129480,1,3
129617,1,4
129624,2,5
129630,1,4
129646,0,3
129659,0,0
129665,1,4
129681,1,3
129689,1,2
129692,2,3
129696,1,3
129704,0,0
129707,2,5
129708,1,1
129710,1,4
129740,1,3
129743,2,5
129744,0,0
129748,1,1
129779,1,4
129783,2,5
129788,1,4
129789,1,3
129790,2,1
129795,1,3
129800,1,3
129804,1,3
129805,1,3
129807,1,2
129811,1,1
129815,1,3
129817,1,3
129818,0,2
129823,2,5
129829,1,3
129842,1,4
129848,0,3
129865,0,0
129875,2,5
129889,1,1
129890,1,4
129892,0,0
129895,2,5
129896,1,2
129900,1,3
129920,1,2
129925,1,2
129934,0,0
129936,1,3
129942,1,0
129951,1,6
129952,1,2
129960,1,4
129967,2,3
129970,0,0
129983,2,5
129987,1,2
129991,1,2
129997,0,1
130000,0,0
130001,0,0
130002,2,5
130003,2,5
130004,0,1
130010,1,3
130017,1,1
130020,2,5
130026,1,3
130034,1,2
130040,2,3
130048,3,4
130049,2,3
130056,2,3
130057,1,3
130058,1,3
130060,1,2
130061,3,4
130083,1,3
130097,1,1
130107,1,3
130111,1,4
130117,1,3
130133,1,4
130134,0,1
130138,0,3
130153,1,1
130164,0,0
130165,1,1
130166,1,0
130168,0,0
130169,1,0
130170,2,3
130173,1,4
130182,1,3
130186,2,3
130194,2,5
130204,2,4
130206,1,6
130208,1,4
130220,2,5
130230,1,3
130232,3,4
130234,1,4
130237,0,2
130250,1,2
130254,1,4
130255,2,5
130278,1,2
130279,1,2
130282,1,2
130290,1,1
130297,1,6
130311,1,2
130313,1,2
130319,1,2
130321,1,3
130325,1,1
130328,1,2
130340,1,3
130350,0,0
130355,2,4
130361,1,1
130362,1,3
130374,1,1
130375,2,5
130423,0,1
130425,0,0
130432,0,1
130441,1,3
130449,2,5
130452,1,1
130454,2,2
130463,1,3
130479,2,3
130486,1,2
130490,0,2
130500,1,2
130528,3,4
130533,1,6
130543,1,4
130550,0,3
130565,1,1
130566,1,4
130572,0,0
130592,1,1
130608,2,3
130612,1,1
130613,0,2
130630,1,4
130642,2,5
130662,1,3
130666,2,3
130669,3,4
130672,1,3
130675,0,1
130697,0,3
130700,1,3
130710,0,0
130722,1,3
130728,0,0
130731,1,3
130732,1,4
130740,1,2
130743,1,1
130746,0,0
130748,1,2
130759,1,3
130763,1,4
130772,1,1
130777,1,3
130784,3,4
130785,0,2
130791,1,1
130793,1,3
130814,3,4
130824,2,3
130826,0,0
130838,1,4
130841,1,4
130847,1,1
130848,0,2
130852,1,0
130853,1,0
130856,3,4
130859,2,4
130869,1,2
130872,2,5
130875,1,2
130882,2,5
130889,2,5
130893,2,5
130895,2,5
130906,1,3
130919,1,3
130940,0,0
130953,1,1
130955,1,3
130974,1,3
130982,1,4
130989,0,1
131007,2,4
131016,2,5
131030,1,1
131031,1,2
131035,1,1
131042,0,0
131044,2,5
131063,2,5
131064,0,0
131077,2,3
131083,0,0
131094,0,0
131095,2,2
131109,2,1
131129,0,0
131143,0,4
131147,1,3
131148,2,3
131151,1,3
131158,0,0
131159,0,2
131163,3,4
131170,0,0
131181,1,4
131182,1,0
131201,1,1
131204,1,3
131217,1,3
131223,2,3
131231,1,4
131241,0,1
131245,1,1
131261,1,4
131276,1,3
131278,0,1
131279,2,3
131282,1,1
131289,1,4
131302,0,0
131306,0,0
131312,4,3
131314,1,2
131321,0,1
131322,1,1
131323,1,2
131334,1,4
131335,2,1
131338,1,4
131341,1,1
131349,2,3
131361,1,3
131368,1,3
131375,0,0
131377,1,3
131389,1,2
131390,2,5
131391,0,1
131404,1,3
131407,1,4
131416,1,1
131418,2,5
131421,2,3
131433,1,2
131453,1,1
131454,1,2
131460,1,3
131464,0,1
131470,0,2
131485,1,4
131486,2,1
131488,2,5
131493,2,5
131501,0,0
131520,1,3
131522,1,2
131523,2,5
131540,1,3
131546,2,3
131549,1,4
131561,2,5
131574,1,1
131582,1,4
131587,0,0
131596,2,4
131598,1,3
131605,2,1
131616,1,3
131620,2,4
131630,1,1
131634,2,5
131639,0,4
131648,1,2
131666,1,3
131673,0,2
131676,2,5
131678,1,2
131682,3,4
131698,1,2
131705,3,4
131714,1,3
131715,1,2
131728,1,3
131738,1,4
131744,1,1
131750,2,3
131751,1,2
131756,1,3
131757,2,5
131760,1,4
131768,0,0
131784,1,1
131785,1,4
131789,3,4
131790,1,3
131794,1,2
131801,0,0
131835,1,2
131850,1,4
131851,0,1
131857,1,2
131867,2,5
131868,2,1
131870,0,5
131880,2,3
131885,2,4
131888,3,4
131893,2,2
131896,1,2
131898,2,4
131911,0,0
131912,1,3
131940,1,2
131948,3,4
131960,1,2
131962,0,2
131966,2,4
131984,0,0
131986,1,3
131991,2,4
131993,1,4
131999,1,4
132001,0,0
132003,2,5
132022,0,2
132040,2,3
132045,1,2
132049,2,5
132052,2,2
132059,1,3
132066,1,3
132070,1,1
132076,2,5
132088,1,2
132089,3,4
132103,0,3
132108,1,3
132109,1,3
132127,3,2
132131,0,3
132132,2,2
132133,0,1
132134,2,5
132135,1,2
132144,2,3
132151,1,4
132154,1,3
132158,0,0
132159,0,0
132161,1,2
132164,1,1
132168,1,1
132192,1,4
132201,2,4
132203,0,3
132205,0,0
132206,0,1
132208,2,3
132218,1,3
132221,1,3
132235,0,0
132236,2,4
132243,2,3
132254,2,1
132263,0,0
132291,3,4
132293,2,5
132297,2,5
132303,0,0
132308,3,1
132315,1,4
132321,1,3
132325,1,3
132326,1,4
132330,1,0
132345,3,4
132346,1,2
132350,2,4
132396,0,3
132415,1,2
132428,2,4
132433,1,2
132437,2,5
132438,1,1
132441,1,4
132442,0,1
132450,1,2
132456,2,4
132458,1,1
132459,1,5
132461,0,0
132467,0,0
132468,2,5
132483,1,0
132484,1,2
132491,2,5
132495,0,0
132512,2,5
132515,2,5
132521,2,5
132534,1,1
132542,1,2
132544,0,0
132549,1,0
132555,2,2
132561,1,3
132577,1,3
132578,1,2
132582,0,2
132585,1,0
132589,2,5
132600,0,0
132606,2,4
132612,1,3
132613,3,2
132620,3,4
132622,2,5
132628,0,4
132632,1,3
132636,1,4
132638,0,0
132644,1,2
132649,0,0
132652,1,4
132658,1,3
132660,1,2
132666,0,0
132671,1,3
132678,2,4
132685,2,4
132689,2,1
132700,0,3
132707,1,2
132715,2,3
132718,3,4
132721,0,1
132722,1,2
132725,2,5
132734,1,3
132737,0,3
132741,1,0
132745,2,5
132750,1,3
132755,2,4
132762,2,5
132772,1,2
132781,0,1
132791,1,3
132793,0,2
132800,1,3
132803,1,2
132820,0,3
132822,1,3
132825,1,1
132834,1,3
132836,1,0
132841,1,3
132843,1,2
132845,2,2
132846,0,1
132851,0,0
132852,3,4
132868,1,4
132869,2,5
132872,2,5
132875,1,1
132879,1,4
132883,2,4
132885,2,0
132886,0,1
132887,0,0
132888,2,5
132890,1,1
132891,1,2
132893,2,5
132898,2,5
132906,3,4
132909,1,1
132910,1,1
132915,1,2
132921,1,3
132924,1,4
132925,0,0
132932,2,3
132934,2,5
132947,3,2
132959,1,3
132961,1,2
132962,1,2
132975,1,1
132979,2,5
132982,3,1
132988,1,2
133001,2,4
133017,1,1
133025,2,4
133035,2,2
133048,1,2
133050,1,4
133052,1,1
133055,0,0
133057,2,2
133059,1,3
133064,1,3
133075,2,5
133081,1,3
133082,1,3
133087,2,5
133088,0,2
133100,1,1
133106,1,2
133108,2,5
133109,2,5
133121,2,5
133134,2,3
133141,2,3
133143,1,2
133146,3,4
133147,0,1
133150,1,2
133152,0,2
133154,1,4
133171,2,4
133176,0,0
133195,2,2
133207,1,3
133216,2,3
133222,3,4
133224,1,1
133226,1,3
133230,2,4
133246,1,2
133251,2,5
133256,0,0
133263,1,2
133266,2,3
133267,1,3
133272,1,3
133280,1,4
133308,1,3
133309,2,5
133310,2,4
133313,1,1
133315,1,0
133317,1,1
133320,1,4
133343,1,2
133345,0,2
133349,2,5
133350,1,3
133351,1,2
133356,0,0
133360,0,1
133364,1,3
133374,2,4
133378,3,4
133391,1,2
133401,0,1
133405,1,1
133408,2,5
133421,0,3
133429,1,3
133450,1,3
133457,1,1
133482,1,1
133503,2,2
133508,0,0
133509,1,3
133515,1,2
133525,1,3
133526,2,5
133529,1,3
133532,1,1
133545,0,3
133551,1,3
133555,1,2
133559,1,4
133560,2,5
133564,1,3
133571,0,0
133575,1,1
133584,1,3
133610,1,4
133612,2,2
133622,2,3
133623,0,2
133630,0,4
133631,2,5
133635,3,4
133637,0,2
133642,1,0
133643,2,5
133654,0,1
133662,0,0
133676,1,3
133679,2,3
133682,1,0
133688,1,3
133694,1,3
133698,1,0
133701,1,0
133703,1,1
133708,1,3
133721,1,3
133758,2,5
133761,1,2
133766,1,2
133767,1,4
133786,1,4
133794,2,5
133798,1,3
133813,1,0
133816,1,2
133821,1,0
133823,1,2
133830,1,2
133835,1,0
133837,1,2
133843,1,4
133849,1,3
133856,0,2
133864,0,1
133868,1,3
133872,0,0
133873,1,2
133875,1,4
133885,2,5
133900,1,1
133911,0,0
133936,1,2
133948,1,2
133956,1,4
133958,0,1
133963,1,3
133972,1,4
133976,0,1
134000,1,3
134002,1,1
134007,0,0
134015,0,0
134026,2,4
134028,1,1
134032,1,4
134034,1,3
134037,2,3
134047,1,0
134050,0,3
134065,0,3
134086,0,0
134090,1,2
134093,1,3
134104,0,0
134106,2,5
134107,0,0
134124,1,4
134138,1,2
134152,1,1
134159,1,3
134160,1,1
134166,1,2
134170,1,0
134185,1,4
134192,1,3
134197,1,3
134201,1,2
134202,0,0
134220,0,1
134223,0,0
134224,1,2
134245,0,3
134255,1,2
134265,2,4
134270,3,4
134275,1,2
134282,0,0
134285,1,4
134289,1,1
134302,1,3
134317,1,2
134322,1,4
134323,2,0
134324,2,4
134327,2,5
134329,1,0
134330,0,0
134333,1,1
134335,1,1
134336,1,1
134350,0,1
134351,2,5
134358,1,0
134362,2,3
134375,1,3
134377,0,1
134385,2,5
134386,1,2
134389,1,1
134398,0,0
134401,0,0
134411,2,4
134417,2,3
134432,1,0
134444,1,5
134447,0,0
134449,1,4
134456,0,0
134463,3,4
134464,0,2
134468,2,4
134482,1,2
134494,2,5
134497,1,5
134498,0,0
134508,3,4
134512,0,4
134519,2,5
134530,0,0
134539,1,1
134557,0,0
134566,2,5
134574,1,6
134583,1,4
134589,1,4
134592,1,1
134597,0,0
134602,1,3
134611,1,3
134613,1,4
134623,1,2
134625,2,5
134641,0,2
134642,3,4
134647,1,2
134653,1,3
134667,1,1
134668,3,4
134670,1,1
134676,1,2
134677,1,4
134685,1,2
134691,0,2
134703,1,3
134706,1,5
134735,1,1
134737,0,2
134747,2,5
134750,2,0
134757,0,1
134759,1,0
134767,1,1
134769,1,4
134770,1,3
134773,0,0
134783,1,2
134802,0,0
134817,0,2
134822,3,4
134824,1,3
134825,0,1
134835,0,1
134846,0,3
134848,0,0
134852,1,4
134854,1,2
134855,2,5
134857,2,2
134866,1,1
134868,1,6
134888,2,5
134892,2,3
134895,1,1
134896,1,2
134900,1,0
134909,1,0
134916,1,1
134923,2,3
134925,1,3
134928,0,1
134931,0,0
134932,2,1
134933,1,4
134938,2,5
134943,2,5
134962,0,0
134964,2,3
134967,1,1
134968,1,0
134977,1,4
134978,1,3
134989,1,3
134990,0,0
134999,3,4
135006,0,0
135008,1,1
135010,1,3
135017,1,0
135025,1,4
135030,1,6
135035,1,2
135040,2,4
135046,3,4
135047,0,1
135065,2,3
135067,3,4
135074,1,2
135078,1,4
135089,2,3
135090,1,3
135091,0,0
135105,0,1
135111,2,1
135115,0,0
135122,0,0
135123,0,2
135125,1,1
135140,1,4
135194,2,3
135197,2,2
135198,1,4
135204,1,2
135214,2,3
135215,2,4
135219,0,2
135220,1,2
135229,1,2
135235,1,5
135237,2,3
135243,1,4
135245,2,1
135251,4,1
135254,1,2
135261,1,2
135267,0,2
135268,1,0
135270,2,5
135297,1,3
135304,1,5
135326,2,3
135333,1,5
135335,2,4
135336,0,0
135340,0,1
135343,1,3
135349,2,2
135363,0,0
135371,1,1
135385,2,5
135400,1,2
135406,0,0
135408,0,0
135411,2,0
135413,1,3
135415,2,2
135430,1,0
135437,1,3
135439,0,1
135441,1,4
135444,0,2
135452,1,4
135453,1,2
135466,0,0
135477,1,1
135480,2,5
135483,1,4
135485,2,2
135489,0,0
135492,0,2
135497,1,2
135509,1,2
135511,1,3
135518,0,0
135526,0,0
135530,1,1
135535,0,0
135550,1,1
135553,2,5
135556,1,2
135557,1,3
135561,2,4
135564,1,3
135581,1,1
135582,1,4
135587,1,1
135588,0,3
135591,0,1
135593,1,3
135595,1,5
135599,2,2
135611,2,5
135632,0,0
135633,1,4
135642,2,2
135643,1,4
135646,1,1
135648,1,3
135650,3,4
135652,1,3
135658,1,4
135668,2,5
135671,2,5
135681,1,4
135685,0,4
135689,1,1
135690,1,4
135691,0,2
135695,0,0
135703,2,2
135714,1,2
135720,1,3
135726,0,3
135734,1,2
135737,2,3
135742,1,2
135766,1,4
135767,0,1
135784,0,0
135785,2,3
135791,2,4
135795,1,0
135798,0,1
135799,1,2
135803,1,0
135804,1,4
135807,1,3
135808,1,2
135811,0,0
135819,2,5
135827,1,1
135832,2,3
135833,1,3
135838,1,3
135841,1,2
135845,2,5
135852,2,5
135855,2,5
135857,2,5
135858,2,3
135861,3,4
135863,0,0
135873,1,3
135892,1,0
135901,1,1
135904,1,3
135911,2,5
135918,3,0
135920,2,5
135922,1,2
135926,3,4
135937,1,4
135954,0,0
135958,2,4
135961,1,3
135973,2,4
135974,1,3
135976,3,3
135980,1,4
135982,1,3
135995,0,0
135996,2,2
135998,1,2
136001,1,3
136003,2,5
136012,1,3
136045,0,0
136048,0,3
136051,1,2
136061,1,0
136067,3,4
136070,3,4
136084,2,5
136090,1,1
136095,1,0
136099,0,0
136107,0,0
136116,0,2
136131,1,2
136132,0,2
136140,1,3
136146,2,4
136152,2,5
136167,1,6
136185,0,0
136189,2,5
136191,3,4
136210,1,3
136214,1,0
136215,2,5
136218,2,5
136231,2,5
136240,1,3
136242,2,3
136246,1,5
136255,0,0
136263,0,3
136265,1,1
136270,1,1
136279,1,2
136285,0,0
136320,0,1
136324,1,3
136335,1,3
136336,1,1
136338,1,3
136340,2,3
136352,3,4
136356,1,0
136361,2,5
136364,3,4
136369,1,3
136374,2,3
136379,0,1
136382,1,2
136385,2,3
136393,1,2
136408,1,3
136410,1,1
136423,1,1
136425,1,1
136446,1,3
136458,1,4
136459,1,1
136466,1,4
136469,1,4
136481,1,4
136483,2,4
136484,1,4
136491,1,2
136493,1,3
136500,0,0
136504,1,4
136508,1,4
136509,1,3
136514,0,2
136517,0,0
136519,2,3
136536,1,2
136542,2,3
136562,1,3
136572,2,5
136586,1,3
136589,1,3
136596,2,5
136607,1,3
136611,1,2
136627,1,3
136637,1,1
136647,2,3
136652,2,4
136666,2,5
136683,1,0
136686,2,5
136699,2,3
136701,1,4
136704,1,2
136714,2,5
136729,2,5
136730,1,3
136732,1,6
136769,1,0
136770,1,1
136781,0,1
136785,1,3
136792,2,5
136808,0,2
136816,1,2
136824,0,0
136826,1,1
136829,3,4
136837,1,3
136841,1,2
136844,1,0
136862,2,5
136863,1,2
136866,1,6
136878,2,5
136879,1,3
136882,0,1
136887,1,2
136893,2,3
136895,1,3
136907,0,0
136911,2,5
136913,1,1
136914,1,3
136918,1,3
136920,1,4
136925,0,0
136927,2,4
136936,0,0
136937,1,2
136938,1,3
136939,1,1
136940,1,2
136947,1,1
136953,0,2
136963,1,2
136965,0,1
136971,1,2
136972,1,4
136979,1,1
136982,0,0
136984,0,3
136991,0,1
137008,1,1
137024,1,1
137029,0,2
137059,2,4
137066,1,3
137067,0,2
137069,1,4
137074,1,1
137075,2,5
137078,1,2
137083,0,0
137086,1,4
137113,1,2
137114,1,3
137115,1,3
137126,1,2
137130,1,2
137132,1,3
137141,2,5
137147,3,4
137155,1,3
137156,1,2
137157,0,0
137168,2,3
137169,1,0
137170,2,5
137171,1,2
137182,2,3
137198,1,1
137211,0,0
137241,1,3
137245,1,1
137246,3,4
137247,2,5
137254,1,3
137264,2,1
137269,0,1
137271,0,2
137279,1,0
137283,1,3
137284,0,3
137287,3,4
137306,1,1
137309,2,5
137321,0,0
137327,2,4
137329,1,4
137331,1,6
137342,1,2
137355,2,3
137364,2,5
137373,1,3
137389,0,0
137402,1,3
137412,1,2
137415,0,1
137438,1,3
137452,1,3
137454,2,2
137456,1,4
137458,0,0
137461,2,4
137465,1,0
137467,2,5
137471,2,5
137472,1,3
137486,1,4
137487,1,2
137491,1,3
137501,1,2
137502,0,0
137506,1,1
137514,0,0
137516,1,0
137525,1,2
137527,2,3
137541,2,2
137561,2,3
137569,1,0
137580,1,4
137581,2,4
137588,1,2
137595,1,2
137596,3,4
137598,0,2
137605,1,2
137614,1,2
137615,0,4
137620,1,0
137648,3,4
137649,0,0
137656,0,0
137666,1,5
137667,0,0
137670,1,1
137672,1,1
137675,0,0
137679,3,4
137683,0,1
137715,1,3
137719,1,4
137720,2,5
137724,0,2
137725,0,2
137726,1,1
137727,1,2
137734,1,1
137742,1,2
137746,1,3
137761,0,0
137763,0,4
137792,1,1
137800,1,4
137806,0,3
137811,3,4
137815,1,1
137821,2,5
137832,1,2
137834,0,0
137839,1,2
137840,1,2
137843,2,5
137846,2,4
137847,0,0
137858,0,2
137860,2,4
137867,2,4
137876,1,3
137877,2,5
137881,0,0
137884,1,3
137897,2,4
137904,2,4
137921,0,0
137949,1,4
137957,1,4
137958,1,5
137960,2,5
137970,1,1
137983,0,1
137986,2,3
137990,1,1
137991,1,1
138000,0,0
138001,2,1
138002,1,0
138003,3,4
138004,0,3
138005,0,0
138009,2,5
138011,0,0
138014,1,2
138015,2,3
138028,1,0
138035,1,4
138056,1,1
138057,0,0
138064,3,4
138069,1,0
138071,1,3
138073,0,0
138075,1,0
138092,0,1
138094,2,5
138097,1,3
138102,1,1
138112,1,3
138114,1,2
138118,1,3
138125,1,4
138129,2,3
138142,2,5
138143,1,1
138157,1,4
138163,0,0
138227,1,4
138230,2,5
138232,0,2
138247,1,1
138262,1,1
138267,1,1
138268,1,3
138277,1,1
138281,1,3
138282,1,0
138290,1,3
138302,2,2
138319,1,1
138320,1,2
138329,1,4
138332,1,3
138337,1,4
138343,1,2
138348,1,1
138351,1,3
138354,2,5
138365,1,2
138366,1,3
138375,1,2
138379,1,4
138380,1,4
138382,2,1
138383,1,2
138386,0,0
138387,2,3
138393,1,3
138396,0,0
138410,2,3
138415,2,5
138441,1,4
138447,2,5
138450,0,3
138454,2,2
138457,1,2
138458,2,3
138460,3,4
138465,0,3
138466,1,3
138475,1,5
138486,0,2
138487,0,0
138505,0,1
138507,1,4
138512,0,1
138514,2,3
138517,1,1
138519,1,2
138523,2,4
138524,2,5
138529,1,2
138540,2,2
138543,0,0
138545,1,1
138550,0,0
138554,1,3
138557,1,3
138560,1,4
138567,1,3
138568,1,2
138570,2,4
138571,1,3
138592,1,1
138597,1,2
138607,0,0
138608,1,3
138609,0,0
138610,0,1
138617,2,5
138618,1,2
138622,1,2
138623,2,5
138624,0,3
138634,1,0
138637,2,5
138643,2,3
138645,1,3
138648,1,3
138649,1,3
138650,0,0
138662,1,0
138666,1,3
138671,1,4
138673,0,0
138685,2,4
138686,0,1
138689,2,3
138692,1,0
138693,0,1
138721,1,4
138734,2,0
138753,2,4
138757,1,1
138763,1,3
138764,1,0
138787,1,1
138797,0,0
138798,1,3
138803,1,3
138810,0,1
138815,1,4
138816,1,4
138818,2,5
138821,1,2
138840,0,0
138842,2,5
138850,1,4
138863,0,3
138866,1,2
138870,1,1
138871,1,1
138880,1,2
138895,1,3
138904,2,3
138909,1,3
138911,1,5
138916,1,2
138928,0,0
138941,1,3
138947,0,0
138955,1,1
138958,1,6
138966,1,2
138977,0,1
138993,1,5
138994,1,3
138999,1,1
139003,1,4
139007,1,3
139018,1,2
139019,0,1
139022,0,1
139027,2,3
139031,1,3
139033,1,2
139038,1,4
139050,1,0
139058,2,2
139061,1,4
139062,0,0
139075,1,3
139080,1,2
139095,2,5
139096,1,3
139113,1,4
139123,1,4
139124,0,2
139141,1,2
139144,2,3
139145,0,0
139147,2,5
139155,1,3
139156,1,2
139157,3,4
139158,0,3
139163,0,3
139171,1,3
139174,3,3
139176,1,4
139177,2,3
139181,1,3
139187,3,4
139191,3,4
139196,2,5
139198,1,3
139202,0,1
139225,0,0
139244,1,4
139246,1,1
139250,0,0
139259,1,3
139264,0,0
139270,1,2
139274,2,5
139280,2,5
139289,1,0
139290,1,4
139292,2,3
139293,2,5
139299,2,4
139304,2,5
139306,1,3
139309,1,3
139333,3,4
139345,0,1
139366,1,3
139373,0,3
139379,1,4
139385,0,0
139395,0,0
139396,1,2
139401,0,1
139404,0,0
139407,0,0
139416,2,5
139429,1,3
139434,2,5
139443,2,5
139456,1,2
139457,1,5
139460,1,1
139462,2,4
139468,1,3
139469,2,3
139480,0,0
139482,2,3
139485,0,0
139498,3,4
139500,0,1
139505,1,1
139512,2,5
139513,1,2
139515,1,4
139516,1,2
139520,2,4
139535,2,5
139540,2,2
139563,2,5
139569,1,2
139577,0,2
139588,1,4
139606,1,0
139608,4,3
139614,0,0
139619,0,0
139624,1,3
139632,3,4
139644,2,5
139686,1,2
139689,2,5
139697,1,2
139710,1,2
139712,1,2
139754,3,4
139759,1,3
139762,1,2
139764,2,6
139770,0,0
139778,3,4
139783,2,4
139789,0,1
139798,1,3
139810,1,1
139815,1,3
139819,1,2
139825,0,3
139838,2,5
139865,1,0
139869,1,0
139884,2,4
139890,1,2
139895,1,5
139899,1,3
139907,2,5
139910,1,2
139913,3,4
139923,0,1
139937,1,3
139943,1,1
139953,3,4
139959,0,1
139970,1,3
139971,1,3
139976,1,4
139983,0,1
139987,1,1
139993,2,1
139998,1,3
140013,1,3
140015,1,3
140027,2,2
140034,3,4
140040,0,3
140062,1,1
140081,3,4
140097,1,3
140098,1,3
140101,1,2
140106,0,1
140110,1,2
140115,2,5
140117,2,0
140118,3,4
140125,2,3
140141,1,2
140142,1,1
140143,4,3
140144,1,1
140146,1,3
140147,0,0
140148,2,5
140150,1,2
140151,0,0
140159,1,2
140165,1,3
140168,0,0
140170,1,2
140188,2,4
140208,2,3
140213,2,5
140231,0,0
140241,0,0
140244,0,0
140246,2,5
140248,2,5
140250,2,2
140254,0,1
140264,1,3
140265,2,4
140269,2,5
140272,1,0
140274,0,0
140278,2,5
140294,1,3
140296,1,2
140304,1,2
140314,0,0
140323,2,3
140336,1,3
140341,1,3
140342,1,3
140353,1,4
140364,2,2
140366,1,2
140371,1,4
140372,2,3
140376,4,3
140379,1,4
140383,2,5
140384,2,5
140386,2,3
140390,1,0
140402,0,0
140407,1,2
140410,0,0
140413,1,3
140419,1,1
140442,0,0
140449,1,2
140461,0,1
140465,2,2
140468,2,5
140479,2,3
140486,1,2
140495,2,4
140504,1,1
140517,1,3
140518,0,0
140519,0,2
140522,2,3
140528,0,1
140530,1,4
140538,1,2
140539,0,0
140540,1,3
140545,1,2
140549,1,3
140558,1,1
140566,1,6
140569,1,3
140574,2,3
140575,1,3
140577,0,1
140580,1,0
140586,1,2
140593,1,5
140599,0,0
140621,0,0
140625,2,5
140626,1,0
140630,1,4
140645,1,1
140648,1,2
140657,1,3
140682,1,1
140690,1,2
140707,2,2
140739,1,1
140753,0,1
140758,1,3
140766,0,2
140770,1,2
140773,2,3
140777,1,1
140780,0,0
140792,2,3
140800,1,4
140805,1,1
140829,1,1
140832,0,1
140841,0,2
140842,1,2
140850,2,4
140852,1,3
140861,1,1
140875,2,4
140878,1,2
140884,1,2
140887,1,1
140892,0,2
140893,0,2
140897,1,2
140901,1,3
140905,1,4
140907,1,2
140916,1,3
140917,1,2
140933,3,4
140943,1,1
140946,3,4
140953,1,4
140966,2,5
140972,1,6
140975,2,2
140986,1,1
140989,1,0
140995,1,3
141001,1,4
141015,1,4
141019,0,0
141023,1,1
141033,0,0
141037,1,2
141041,1,3
141048,0,3
141050,1,3
141059,1,0
141063,1,2
141067,1,2
141073,3,4
141082,2,3
141085,1,3
141092,3,4
141095,0,0
141096,1,3
141103,1,3
141107,1,3
141116,1,3
141118,1,3
141123,2,0
141131,0,2
141148,2,3
141152,0,1
141161,1,3
141202,2,3
141203,2,4
141204,0,1
141205,3,4
141206,0,0
141207,0,0
141209,1,2
141212,2,5
141213,1,1
141217,1,4
141221,0,2
141226,1,3
141227,1,2
141233,1,2
141238,0,0
141239,1,2
141240,1,3
141241,2,5
141246,1,0
141272,1,3
141273,1,3
141280,0,0
141283,2,3
141294,0,1
141305,0,0
141338,1,2
141344,2,5
141346,0,0
141350,1,3
141361,1,1
141397,1,1
141401,2,5
141403,1,3
141406,0,2
141409,2,5
141418,0,0
141420,1,0
141421,0,0
141427,2,5
141431,1,4
141438,2,5
141452,2,2
141454,1,2
141455,1,2
141456,1,3
141457,2,3
141458,2,3
141497,1,1
141498,0,2
141517,1,0
141521,1,1
141523,2,5
141529,0,0
141534,1,3
141535,3,5
141537,2,5
141544,1,2
141546,0,0
141558,1,2
141561,3,4
141563,0,0
141567,2,3
141580,1,5
141581,1,3
141584,1,6
141592,1,1
141599,2,5
141612,1,3
141617,1,3
141624,2,5
141630,0,0
141634,1,3
141650,1,2
141652,1,3
141664,1,3
141665,2,5
141669,1,0
141670,0,1
141677,1,2
141678,0,2
141680,1,3
141683,2,2
141686,0,1
141688,2,4
141692,1,0
141693,0,2
141694,1,0
141695,1,1
141698,0,1
141706,2,5
141709,0,3
141724,2,5
141733,3,4
141755,1,3
141764,3,4
141768,2,3
141774,1,4
141784,2,3
141785,2,3
141788,1,2
141791,3,4
141801,2,4
141806,2,0
141807,1,1
141810,0,0
141812,1,3
141813,0,4
141816,1,4
141818,2,3
141829,1,3
141832,1,1
141851,0,0
141869,1,2
141878,1,3
141886,0,0
141888,2,5
141897,0,0
141923,1,0
141930,2,4
141932,0,3
141939,0,1
141949,1,2
141960,1,2
141969,1,2
141978,1,2
141991,1,3
141994,1,1
142001,0,1
142008,1,4
142017,1,3
142021,0,1
142027,0,0
142029,1,2
142033,0,1
142037,1,2
142038,2,4
142054,0,1
142076,1,2
142092,0,0
142098,1,3
142099,0,1
142108,0,0
142114,0,1
142117,0,0
142120,0,3
142124,1,3
142132,1,3
142142,3,4
142151,1,2
142153,1,3
142155,0,0
142156,1,2
142157,1,3
142168,2,5
142170,1,2
142171,1,2
142176,2,1
142182,0,0
142183,3,4
142198,2,2
142212,1,2
142215,1,4
142218,1,2
142219,2,5
142221,1,3
142223,0,2
142224,1,2
142229,0,1
142249,1,6
142264,1,1
142274,2,4
142275,1,2
142281,2,5
142293,1,4
142301,1,0
142318,1,0
142320,2,1
142324,3,4
142329,1,0
142331,1,3
142336,0,1
142351,1,4
142354,0,1
142355,1,4
142357,0,1
142358,0,1
142362,1,2
142363,1,1
142364,0,2
142367,0,0
142380,1,1
142386,1,3
142387,3,4
142389,1,1
142391,0,5
142392,0,2
142393,1,3
142414,0,4
142418,1,1
142422,0,3
142430,3,4
142454,1,1
142465,1,1
142473,1,4
142474,1,3
142475,2,5
142498,1,1
142507,1,3
142512,1,3
142516,1,0
142517,3,4
142518,1,2
142519,1,2
142528,3,4
142529,1,4
142550,1,3
142552,0,0
142554,1,1
142557,2,5
142579,2,3
142581,1,3
142582,1,3
142583,1,3
142584,2,5
142594,1,3
142596,1,2
142601,1,3
142609,2,2
142624,0,2
142639,2,3
142645,2,5
142647,1,2
142651,1,3
142655,1,2
142657,1,4
142663,1,3
142678,1,3
142680,2,5
142688,0,0
142694,2,5
142695,0,0
142701,2,5
142712,0,0
142720,2,5
142744,0,0
142754,1,2
142766,1,3
142777,0,1
142788,0,0
142795,1,4
142797,1,3
142808,2,2
142814,0,1
142820,2,5
142821,0,0
142822,1,2
142842,1,3
142850,1,3
142851,1,4
142852,1,2
142859,2,5
142860,2,3
142861,1,0
142862,1,1
142863,2,4
142864,1,3
142865,1,3
142866,2,4
142881,2,3
142884,2,5
142885,0,1
142899,2,3
142909,1,3
142915,1,2
142918,1,3
142924,1,1
142929,1,4
142937,2,5
142946,0,0
142960,3,4
142962,1,3
142966,2,5
142967,1,3
142975,1,1
142979,1,2
142991,3,4
142994,1,3
142995,0,0
142996,1,1
142998,3,3
142999,2,4
143005,1,1
143007,1,1
143009,1,3
143013,0,2
143023,0,0
143025,1,4
143039,1,1
143071,1,4
143086,0,1
143087,1,3
143093,1,3
143102,1,0
143109,2,5
143114,1,2
143118,1,2
143128,1,3
143132,0,0
143138,1,3
143241,3,4
143242,3,4
143256,0,0
143260,1,2
143263,1,4
143270,3,4
143286,2,2
143287,3,4
143288,1,2
143289,1,2
143294,3,4
143304,2,5
143310,2,3
143314,2,4
143317,1,1
143325,2,5
143335,0,2
143342,4,2
143344,0,2
143361,1,1
143363,1,3
143369,2,5
143372,2,3
143385,1,2
143392,1,4
143403,1,4
143413,1,3
143415,0,0
143417,1,2
143421,1,0
143422,2,2
143425,0,1
143446,2,4
143462,0,2
143463,0,3
143465,1,2
143466,0,0
143467,2,4
143469,3,4
143486,1,3
143495,1,1
143497,3,4
143518,1,0
143522,1,3
143523,1,4
143528,1,0
143529,1,3
143532,1,4
143540,0,0
143545,1,2
143550,1,4
143555,0,1
143556,2,5
143562,3,4
143567,1,4
143570,1,1
143575,0,3
143579,1,3
143584,3,4
143594,1,3
143601,1,3
143618,1,0
143620,1,6
143626,2,4
143631,1,2
143639,1,3
143650,2,3
143652,1,3
143654,1,0
143667,0,0
143685,1,4
143686,1,0
143689,1,1
143693,2,5
143699,1,0
143710,1,3
143718,2,3
143730,1,3
143732,1,2
143733,0,3
143738,1,3
143743,1,1
143745,2,5
143750,0,3
143752,2,2
143757,1,3
143760,2,4
143761,1,0
143768,1,1
143784,1,3
143788,1,3
143790,1,4
143792,0,0
143806,0,1
143812,1,3
143813,2,4
143829,0,0
143839,0,2
143857,1,0
143863,1,5
143868,0,1
143870,0,0
143872,1,4
143875,0,0
143880,1,4
143885,1,1
143889,1,3
143895,2,5
143902,1,2
143911,0,1
143918,0,2
143934,2,0
143938,0,2
143950,2,3
143953,0,0
143955,1,3
143974,1,3
143978,2,5
143989,0,4
143993,1,2
143994,3,3
143996,2,3
144005,1,3
144019,1,2
144034,1,0
144035,3,2
144036,1,3
144041,2,5
144054,1,4
144057,1,3
144063,2,1
144068,0,0
144069,2,1
144073,0,1
144077,2,4
144078,1,1
144082,2,4
144083,2,5
144085,0,0
144094,2,4
144095,1,1
144104,0,0
144118,1,4
144130,1,2
144145,0,3
144150,1,4
144163,0,0
144176,0,0
144179,1,3
144182,2,2
144196,0,0
144200,0,0
144203,0,0
144209,0,0
144210,3,4
144220,0,0
144229,0,0
144232,1,4
144237,1,2
144239,1,1
144244,1,0
144250,2,4
144255,1,4
144261,1,1
144263,1,3
144267,0,2
144275,1,1
144278,2,4
144284,1,1
144285,1,1
144286,1,3
144301,2,3
144304,2,5
144310,2,5
144329,1,0
144338,1,0
144349,0,1
144358,1,4
144362,1,2
144363,1,1
144365,0,0
144367,2,4
144369,1,3
144371,1,3
144374,1,3
144381,2,3
144382,1,3
144388,1,2
144398,1,3
144405,2,4
144414,1,3
144417,2,3
144430,2,2
144434,1,1
144445,1,4
144452,1,3
144455,1,1
144468,1,3
144470,1,0
144473,2,5
144478,1,1
144497,1,5
144501,1,3
144507,2,5
144527,0,1
144532,1,3
144555,3,4
144560,1,1
144566,2,5
144571,1,4
144588,1,0
144596,1,3
144599,0,0
144611,1,3
144614,0,3
144616,0,0
144627,2,1
144673,1,1
144677,1,3
144679,2,5
144685,0,2
144695,1,3
144698,3,4
144705,1,4
144714,2,3
144717,3,4
144736,1,0
144753,2,4
144772,1,2
144778,0,0
144780,1,4
144783,2,5
144808,1,3
144812,0,0
144815,1,2
144824,1,5
144825,0,0
144847,1,6
144879,2,1
144890,1,3
144900,1,3
144908,0,0
144914,2,5
144916,0,2
144926,1,2
144933,2,3
144953,1,3
144954,0,1
144967,0,0
144972,2,2
144974,2,5
144979,2,4
144988,1,3
144989,1,4
145006,2,4
145014,0,3
145020,1,3
145022,0,1
145023,2,3
145025,0,1
145028,0,1
145030,0,0
145033,4,3
145041,1,3
145051,3,2
145055,2,5
145060,1,5
145068,2,3
145074,1,1
145079,1,0
145103,1,4
145117,3,4
145118,1,0
145119,0,5
145120,1,3
145144,1,2
145151,0,2
145153,1,1
145165,2,5
145166,1,3
145171,1,3
145176,2,5
145177,1,0
145186,2,3
145197,0,0
145202,0,0
145209,0,1
145224,1,2
145271,1,3
145272,1,4
145278,1,3
145286,1,2
145293,2,0
145300,0,0
145301,1,1
145306,0,2
145313,1,2
145321,1,3
145323,0,2
145329,2,5
145343,1,3
145361,1,3
145370,0,1
145389,2,3
145397,0,2
145415,1,3
145416,2,3
145420,1,3
145433,2,3
145434,1,3
145439,1,1
145454,1,3
145462,1,3
145472,1,3
145478,1,3
145495,0,0
145496,0,0
145497,0,1
145503,1,4
145505,2,2
145506,1,3
145508,3,4
145513,0,2
145519,1,4
145522,2,5
145525,0,4
145536,1,6
145549,1,2
145562,1,3
145563,1,3
145568,1,0
145574,0,0
145577,2,5
145581,2,5
145583,1,2
145616,1,2
145617,0,2
145621,1,2
145625,2,4
145633,2,5
145640,2,3
145650,0,0
145654,0,0
145667,1,3
145678,1,2
145679,1,1
145687,1,3
145702,3,4
145710,1,6
145713,2,3
145716,1,2
145717,1,2
145721,1,2
145722,1,3
145724,1,1
145732,0,3
145746,0,2
145752,0,4
145763,1,2
145773,1,2
145776,1,4
145779,1,4
145781,1,2
145783,0,1
145785,2,3
145790,3,4
145792,1,4
145794,1,3
145796,1,2
145800,2,4
145803,1,3
145804,2,5
145813,1,2
145827,1,2
145837,0,0
145839,1,1
145854,0,0
145856,1,4
145876,0,0
145877,1,4
145882,2,5
145887,0,1
145888,1,0
145891,1,0
145896,2,5
145925,1,3
145934,1,3
145936,1,2
145944,2,5
145960,1,2
145961,2,5
145970,0,2
145976,0,1
145987,2,5
145989,1,3
145995,1,2
146001,2,5
146003,1,5
146004,2,5
146011,1,2
146039,1,3
146051,1,1
146056,0,0
146060,1,2
146066,1,4
146077,3,4
146091,0,0
146092,1,4
146101,0,0
146132,0,2
146133,1,0
146134,1,3
146143,1,3
146144,1,2
146162,1,5
146172,3,4
146182,3,4
146185,2,5
146187,1,2
146193,1,1
146199,0,1
146214,0,1
146219,2,5
146220,1,1
146223,0,1
146230,2,5
146243,2,5
146245,1,2
146260,1,0
146264,0,1
146267,2,5
146275,1,3
146310,2,4
146318,0,2
146319,0,1
146325,0,3
146338,2,5
146347,1,1
146353,0,1
146359,1,4
146368,2,5
146372,1,2
146378,0,1
146389,0,0
146396,1,0
146400,0,2
146407,1,3
146413,1,4
146414,1,0
146415,1,2
146416,0,1
146417,1,3
146422,2,3
146439,2,5
146466,2,5
146479,2,4
146488,3,4
146494,2,4
146552,1,3
146561,0,3
146568,1,3
146595,1,2
146600,2,3
146605,1,2
146607,1,1
146616,0,2
146634,1,1
146635,2,4
146639,1,0
146661,2,3
146662,2,5
146666,2,5
146683,0,2
146688,1,0
146694,2,5
146695,2,3
146713,1,4
146724,2,5
146740,2,4
146746,2,5
146749,1,3
146772,0,2
146782,0,0
146788,1,3
146799,2,5
146806,1,3
146810,0,1
146816,1,3
146819,2,5
146857,1,4
146860,1,4
146865,2,5
146868,0,3
146876,1,1
146883,0,2
146899,1,0
146901,2,3
146916,2,5
146926,0,1
146945,0,1
146955,0,0
147000,0,1
147004,1,1
147015,1,4
147017,2,5
147022,1,4
147023,2,3
147034,1,6
147040,1,2
147044,1,3
147049,0,2
147066,0,0
147068,0,1
147088,1,3
147099,0,2
147101,1,3
147111,1,2
147112,1,2
147122,1,4
147134,1,4
147138,1,3
147139,1,3
147143,0,0
147144,1,4
147155,0,0
147160,1,2
147180,1,2
147188,1,3
147213,1,0
147223,0,0
147231,1,3
147232,1,3
147238,1,2
147278,2,0
147284,2,5
147290,1,0
147291,1,2
147297,0,0
147299,1,2
147309,0,0
147330,1,0
147335,2,5
147353,2,1
147361,1,3
147366,2,3
147372,2,4
147377,0,2
147380,2,4
147413,1,4
147421,1,3
147430,1,3
147433,0,0
147434,1,4
147436,2,1
147448,0,4
147449,2,5
147462,0,3
147466,1,5
147470,1,0
147471,1,3
147478,2,3
147506,0,0
147508,1,3
147518,0,2
147532,1,1
147539,1,0
147544,0,3
147547,0,1
147550,1,3
147555,0,0
147563,1,2
147569,1,1
147572,1,4
147574,0,2
147591,2,5
147595,0,0
147615,1,0
147626,1,2
147641,2,5
147643,2,5
147648,2,5
147654,2,5
147689,1,2
147717,2,5
147719,2,5
147724,1,2
147743,0,0
147752,3,4
147773,1,2
147776,0,2
147777,2,4
147786,0,2
147792,1,2
147802,1,0
147821,1,4
147823,2,5
147837,0,2
147853,1,2
147854,1,1
147874,0,0
147898,1,1
147901,0,0
147903,2,5
147910,1,3
147913,2,5
147919,0,0
147920,1,3
147931,1,4
147945,0,0
147959,1,3
147984,1,3
147988,2,3
147995,1,2
148002,0,1
148014,0,0
148016,0,0
148043,2,5
148056,1,0
148061,0,0
148062,0,2
148064,1,1
148074,3,4
148107,2,3
148122,2,5
148123,2,5
148126,1,3
148129,4,3
148135,1,1
148136,3,4
148153,0,0
148180,1,2
148198,0,1
